testing_fine-tuned_gemma-2b_CNN
Token has not been saved to git credential helper. Pass `add_to_git_credential=True` if you want to set the git credential as well.
Token is valid (permission: read).
Your token has been saved to /data/users/wplacroix/.cache/token
Login successful
model stopped improving at epoch 19
            training losses: [1.8409632982866044, 1.7812256619937694, 1.7776114680685358, 1.7647610007788161, 1.7631911993769471, 1.7570580218068537, 1.7518740264797508, 1.7484058605919004, 1.7410436137071652, 1.7353485202492211, 1.7328051985981308, 1.7303105529595015, 1.7241043613707165, 1.718567464953271, 1.7077127141744548, 1.7066905179127725, 1.6970039914330217, 1.6860153816199377, 1.6776917834890965, 1.670037480529595, 1.6622006425233644, 1.6516257788161994, 1.6443122079439252, 1.6329098520249221, 1.619438765576324, 1.6115654205607477]
            training accuracies: [18.794429837374622, 19.690330119777972, 20.508326029798425, 20.975752264095824, 21.832700360307722, 20.995228357191547, 22.183270036030773, 22.504625572110236, 22.75781478235466, 23.108384458077712, 22.748076735806798, 22.972051806407634, 22.348816827344432, 22.524101665205958, 24.033498880124647, 24.44249683513487, 24.578829486804946, 24.851494790145097, 24.793066510857923, 25.581848281234787, 25.104684000389522, 26.41932028435096, 25.776609212192035, 27.500243451163698, 27.373648846041483, 27.597623916642323]
            validation losses: [1.7643711419753085, 1.7613811728395061, 1.7659143518518519, 1.7458526234567902, 1.744212962962963, 1.7474922839506173, 1.7407407407407407, 1.744020061728395, 1.7360146604938271, 1.7335069444444444, 1.734375, 1.7262731481481481, 1.7341820987654322, 1.7233796296296295, 1.7261766975308641, 1.7275270061728396, 1.7278163580246915, 1.7195216049382716, 1.7249228395061729, 1.7166280864197532, 1.7192322530864197, 1.7252121913580247, 1.7237654320987654, 1.7256944444444444, 1.7237654320987654, 1.7289737654320987]
            validation accuracies: [20.093457943925234, 24.065420560747665, 20.404984423676012, 25.0, 22.97507788161994, 19.54828660436137, 23.98753894080997, 22.819314641744548, 24.45482866043614, 22.0404984423676, 24.766355140186917, 23.98753894080997, 25.233644859813083, 25.623052959501557, 24.84423676012461, 24.922118380062305, 24.766355140186917, 24.922118380062305, 26.401869158878505, 24.84423676012461, 24.221183800623052, 25.623052959501557, 25.0, 25.233644859813083, 25.934579439252335, 26.323987538940806]
            test accuracy: 25.097427903351523
            confusion matrix:
 [[111  82  45   9   1   2]
 [ 83 112  55   5  10   2]
 [ 51 114  79   3   2   0]
 [ 37  85  80   6   2   1]
 [ 72  87  35   5  12   3]
 [ 49  25   9   0   7   2]]