testing_frozen_bert-base-uncased_CNN
Token has not been saved to git credential helper. Pass `add_to_git_credential=True` if you want to set the git credential as well.
Token is valid (permission: read).
Your token has been saved to /data/users/wplacroix/.cache/token
Login successful
model stopped improving at epoch 27
            training losses: [1.7719893886292835, 1.7415790498442367, 1.7243234034267914, 1.7148924260124612, 1.710377725856698, 1.7066905179127725, 1.6949352609034267, 1.6955315420560748, 1.6850296923676011, 1.6801864291277258, 1.6730432242990654, 1.6764383761682242, 1.665303738317757, 1.6575764213395638, 1.6554103387850467, 1.6578076323987538, 1.6447502920560748, 1.644616433021807, 1.6395784657320873, 1.6338346962616823, 1.6249391549844237, 1.6269957165109035, 1.6200472157320873, 1.6121008566978192, 1.6113463785046729, 1.611127336448598, 1.6017206970404985, 1.6070020443925233, 1.596597546728972, 1.598203855140187, 1.5921315225856698, 1.5814593068535825, 1.587044879283489, 1.5815323208722742, 1.5755695093457944, 1.5749002141744548, 1.568012558411215, 1.564252336448598, 1.5620497468847352]
            training accuracies: [20.410945564319796, 22.825981108189698, 23.595286785470833, 24.870970883240823, 24.90018502288441, 25.0852079072938, 25.357873210633947, 25.786347258739895, 26.945174797935532, 27.247054240919272, 27.646314149381634, 27.35417275294576, 28.05531210439186, 28.824617781672995, 29.36021034180543, 28.805141688577272, 29.438114714188334, 29.418638621092608, 30.10030187944298, 30.64563248612328, 31.142272860064267, 30.64563248612328, 31.074106534229234, 32.04791118901548, 31.80446002531892, 32.515337423312886, 32.836692959392344, 32.07712532865907, 32.79774077320089, 32.90485928522738, 32.55428960950433, 33.50861817119486, 33.489142078099135, 33.537832310838446, 34.258447755380274, 34.09290096406661, 34.813516408608436, 34.29739994157172, 35.183562177427206]
            validation losses: [1.7395833333333333, 1.7211612654320987, 1.712770061728395, 1.704668209876543, 1.709104938271605, 1.6995563271604939, 1.6945408950617284, 1.6935763888888888, 1.6853780864197532, 1.6842206790123457, 1.6880787037037037, 1.6808449074074074, 1.6946373456790123, 1.6766010802469136, 1.7003279320987654, 1.681616512345679, 1.6873070987654322, 1.6849922839506173, 1.681230709876543, 1.6793016975308641, 1.675733024691358, 1.6754436728395061, 1.6732253086419753, 1.6769868827160495, 1.6813271604938271, 1.6729359567901234, 1.6706211419753085, 1.669849537037037, 1.6714891975308641, 1.6751543209876543, 1.6750578703703705, 1.6818094135802468, 1.6749614197530864, 1.677854938271605, 1.6791087962962963, 1.675829475308642, 1.6833526234567902, 1.6756365740740742, 1.6827739197530864]
            validation accuracies: [23.20872274143302, 24.53271028037383, 26.323987538940806, 25.0, 24.065420560747665, 25.38940809968847, 26.168224299065418, 26.323987538940806, 25.778816199376948, 25.31152647975078, 25.38940809968847, 26.168224299065418, 24.221183800623052, 26.557632398753896, 24.84423676012461, 26.012461059190027, 25.233644859813083, 25.233644859813083, 26.557632398753896, 25.85669781931464, 26.791277258566975, 26.479750778816197, 27.49221183800623, 26.168224299065418, 25.934579439252335, 26.323987538940806, 26.869158878504674, 27.647975077881622, 27.647975077881622, 26.947040498442366, 26.479750778816197, 27.33644859813084, 27.02492211838006, 27.570093457943923, 26.246105919003114, 27.570093457943923, 26.168224299065418, 27.725856697819314, 26.323987538940806]
            test accuracy: 26.26656274356976
            confusion matrix:
 [[85 46 40 35 44  0]
 [54 82 45 37 44  5]
 [34 77 62 48 27  1]
 [38 39 58 54 19  3]
 [56 54 25 27 47  5]
 [37 13 10  5 20  7]]