testing_frozen_gemma-2b_MLP
Token has not been saved to git credential helper. Pass `add_to_git_credential=True` if you want to set the git credential as well.
Token is valid (permission: read).
Your token has been saved to /data/users/wplacroix/.cache/token
Login successful
model stopped improving at epoch 33
            training losses: [1.7631790303738317, 1.7533099688473521, 1.7454731308411215, 1.7400457554517135, 1.7335353387850467, 1.7290328076323989, 1.7264408099688473, 1.7234715732087227, 1.7199303933021808, 1.7169854945482865, 1.7146977219626167, 1.7129697235202492, 1.7109375, 1.7103412188473521, 1.7084185163551402, 1.7059968847352025, 1.7085767133956387, 1.7069582359813085, 1.7042688862928348, 1.7031736760124612, 1.7035509151090342, 1.703307535046729, 1.7017255646417446, 1.7013361565420562, 1.6998150311526479, 1.7004234813084111, 1.7004843263239875, 1.6983060747663552, 1.6990970599688473, 1.6976489485981308, 1.6968944704049844, 1.6950204439252337, 1.6962981892523366, 1.6942416277258567, 1.6933046144859814, 1.6930977414330217, 1.6915279400311527, 1.6900798286604362, 1.6905665887850467, 1.6888507593457944]
            training accuracies: [20.66413477456422, 21.63793942935047, 22.5143636186581, 22.855195247833286, 23.17655078391275, 23.566072645827248, 23.322621482130685, 23.88742818190671, 23.867952088810984, 24.39380660239556, 24.286688090369072, 24.44249683513487, 24.27695004382121, 24.83201869704937, 24.90018502288441, 24.89044697633655, 24.929399162527996, 24.851494790145097, 24.98782744181517, 24.841756743597234, 24.968351348719448, 25.562372188139058, 25.25075469860746, 25.49420586230402, 25.435777583016844, 25.796085305287757, 25.182588372772425, 25.591586327782643, 25.309182977894633, 25.348135164086084, 26.03953646898432, 25.93241795695783, 25.26049274515532, 26.205083260297986, 25.961632096601424, 26.117440841367223, 26.341415911968056, 26.487486610185996, 26.536176842925308, 26.351153958515923]
            validation losses: [1.7532793209876543, 1.7544367283950617, 1.7393904320987654, 1.7352430555555556, 1.728105709876543, 1.7311921296296295, 1.7235725308641976, 1.717206790123457, 1.7252121913580247, 1.7179783950617284, 1.7200038580246915, 1.7133487654320987, 1.7143132716049383, 1.7116126543209877, 1.7366898148148149, 1.711033950617284, 1.7176890432098766, 1.7303240740740742, 1.7101658950617284, 1.7123842592592593, 1.7222222222222223, 1.709394290123457, 1.7217399691358024, 1.7221257716049383, 1.7041859567901234, 1.7139274691358024, 1.7017746913580247, 1.7061149691358024, 1.7047646604938271, 1.7201967592592593, 1.706983024691358, 1.701099537037037, 1.7009066358024691, 1.6940586419753085, 1.7018711419753085, 1.7022569444444444, 1.7044753086419753, 1.709104938271605, 1.7002314814814814, 1.7016782407407407]
            validation accuracies: [20.17133956386293, 21.884735202492212, 22.585669781931465, 23.67601246105919, 23.20872274143302, 23.598130841121495, 25.077881619937692, 23.67601246105919, 22.819314641744548, 24.299065420560748, 23.67601246105919, 24.53271028037383, 24.299065420560748, 25.38940809968847, 23.130841121495326, 25.233644859813083, 23.753894080996886, 23.753894080996886, 25.077881619937692, 23.909657320872274, 23.909657320872274, 25.31152647975078, 23.286604361370717, 23.67601246105919, 25.54517133956386, 24.922118380062305, 25.70093457943925, 24.376947040498443, 24.143302180685357, 23.98753894080997, 24.376947040498443, 25.077881619937692, 25.54517133956386, 24.922118380062305, 25.623052959501557, 25.15576323987539, 26.168224299065418, 24.766355140186917, 26.323987538940806, 26.323987538940806]
            test accuracy: 27.35775526110678
            confusion matrix:
 [[144  48  47   5   6   0]
 [106  94  57   2   8   0]
 [ 70  70  96   5   8   0]
 [ 71  54  74  10   2   0]
 [105  65  34   3   7   0]
 [ 54  13  11   1  13   0]]