testing_frozen_llama-2-7b_CNN
Token has not been saved to git credential helper. Pass `add_to_git_credential=True` if you want to set the git credential as well.
Token is valid (permission: read).
Your token has been saved to /data/users/wplacroix/.cache/token
Login successful
model stopped improving at epoch 60
            training losses: [1.8454171534267914, 1.7849980529595015, 1.7755792445482865, 1.7705777842679127, 1.765807535046729, 1.7594553154205608, 1.7546485591900312, 1.7517036604361371, 1.743708625389408, 1.7388045171339563, 1.7325861565420562, 1.741080120716511, 1.7307486370716512, 1.725832359813084, 1.7232647001557633, 1.7294465537383177, 1.7166082554517135, 1.7146247079439252, 1.7100735007788161, 1.7096110786604362, 1.7111565420560748, 1.7037334501557633, 1.7047069704049844, 1.6904692367601246, 1.6998880451713396, 1.6913332359813085, 1.6884735202492211, 1.6796509929906542, 1.6843847352024923, 1.6791764018691588, 1.676560066199377, 1.6710110007788161, 1.6681147780373833, 1.6662894275700935, 1.6640016549844237, 1.666459793613707, 1.6540230724299065, 1.6541447624610592, 1.6472205996884735, 1.646928543613707, 1.640625, 1.6365605529595015, 1.6366457359813085, 1.6264967873831775, 1.6216291861370717, 1.6215805101246106, 1.6144007982866044, 1.6190858644859814, 1.609703563084112, 1.609289816978193, 1.605785144080997, 1.5990921923676011, 1.5894665109034267, 1.5913405373831775, 1.593835183021807, 1.5849396417445483, 1.586667640186916, 1.5879940615264798, 1.5726611176012462, 1.5746203271028036, 1.571206921728972, 1.569205120716511, 1.5707140771028036, 1.5626947040498442, 1.5553567951713396, 1.54296875, 1.5533002336448598]
            training accuracies: [19.43714090953355, 19.82666277144805, 20.7225630538514, 20.73230110039926, 21.706105755185508, 21.345798032914598, 22.30012659460512, 22.981789852955497, 22.84545720128542, 23.371311714869996, 23.66345311130587, 23.18628883046061, 23.66345311130587, 23.88742818190671, 23.673191157853736, 23.84847599571526, 24.218521764534035, 24.86123283669296, 23.53685850618366, 24.646995812639986, 24.09192715941182, 24.48144902132632, 24.75411432466647, 25.41630148992112, 24.140617392151135, 25.747395072548446, 25.747395072548446, 26.03953646898432, 25.503943908851884, 25.562372188139058, 25.99084623624501, 26.15639302755867, 26.42905833089882, 26.915960658291947, 26.205083260297986, 26.117440841367223, 26.760151913526148, 27.363910799493624, 27.909241406173923, 27.09124549615347, 27.451553218424387, 27.54893368390301, 27.938455545817508, 28.79540364202941, 27.909241406173923, 28.57142857142857, 29.136235271204598, 28.912260200603757, 29.038854805725972, 29.282305969422534, 30.39244327587886, 30.27558671730451, 30.684584672314735, 30.421657415522446, 30.295062810400236, 30.27558671730451, 30.489823741357487, 30.43139546207031, 31.414938163404422, 30.976726068750608, 31.142272860064267, 32.369266725094946, 31.12279676696855, 32.08686337520693, 33.1093582627325, 32.49586133021716, 32.85616905248807]
            validation losses: [1.7704475308641976, 1.7560763888888888, 1.7554012345679013, 1.7525077160493827, 1.7472029320987654, 1.7423804012345678, 1.7419945987654322, 1.7534722222222223, 1.7349537037037037, 1.7277199074074074, 1.7288773148148149, 1.7274305555555556, 1.736304012345679, 1.7345679012345678, 1.7263695987654322, 1.7306134259259258, 1.7263695987654322, 1.7321566358024691, 1.728587962962963, 1.7265625, 1.7230902777777777, 1.7294560185185186, 1.7282021604938271, 1.7211612654320987, 1.7199074074074074, 1.7190393518518519, 1.716917438271605, 1.7171103395061729, 1.7175925925925926, 1.7146026234567902, 1.7145061728395061, 1.7171103395061729, 1.7183641975308641, 1.7192322530864197, 1.7162422839506173, 1.718846450617284, 1.7143132716049383, 1.7149884259259258, 1.7099729938271604, 1.7092013888888888, 1.7098765432098766, 1.705054012345679, 1.7060185185185186, 1.7059220679012346, 1.7001350308641976, 1.699170524691358, 1.7000385802469136, 1.7083333333333333, 1.6983024691358024, 1.6995563271604939, 1.6981095679012346, 1.703125, 1.7002314814814814, 1.7092978395061729, 1.7006172839506173, 1.7138310185185186, 1.6907793209876543, 1.6969521604938271, 1.6983989197530864, 1.6922260802469136, 1.6820987654320987, 1.696855709876543, 1.6883680555555556, 1.6966628086419753, 1.6883680555555556, 1.6930941358024691, 1.6883680555555556]
validation accuracies: [19.158878504672895, 23.286604361370717, 22.19626168224299, 23.130841121495326, 22.819314641744548, 23.83177570093458, 20.638629283489095, 23.753894080996886, 24.68847352024922, 24.221183800623052, 22.352024922118378, 24.221183800623052, 24.299065420560748, 23.598130841121495, 24.299065420560748, 23.98753894080997, 24.299065420560748, 24.610591900311526, 23.598130841121495, 24.922118380062305, 25.38940809968847, 23.130841121495326, 23.98753894080997, 21.806853582554517, 23.598130841121495, 25.778816199376948, 23.909657320872274, 25.15576323987539, 25.38940809968847, 24.221183800623052, 24.610591900311526, 25.15576323987539, 25.0, 24.065420560747665, 25.623052959501557, 25.077881619937692, 25.077881619937692, 24.610591900311526, 26.168224299065418, 25.623052959501557, 26.168224299065418, 26.869158878504674, 26.168224299065418, 26.090342679127726, 27.258566978193144, 27.8816199376947, 24.610591900311526, 25.85669781931464, 26.947040498442366, 26.246105919003114, 26.635514018691588, 26.246105919003114, 26.323987538940806, 25.623052959501557, 25.233644859813083, 26.323987538940806, 26.557632398753896, 26.557632398753896, 26.869158878504674, 26.168224299065418, 26.713395638629283, 27.180685358255452, 26.323987538940806, 25.934579439252335, 26.713395638629283, 25.934579439252335, 28.426791277258566]
            test accuracy: 27.20187061574435
            confusion matrix:
 [[108  69  37  17  12   7]
 [ 76 101  56  13  17   4]
 [ 43  84  88  26   5   3]
 [ 37  73  74  26   0   1]
 [ 76  72  31  15  15   5]
 [ 47  15  10   1   8  11]]