testing_frozen_llama-2-7b_MLP
Token has not been saved to git credential helper. Pass `add_to_git_credential=True` if you want to set the git credential as well.
Token is valid (permission: read).
Your token has been saved to /data/users/wplacroix/.cache/token
Login successful
model stopped improving at epoch 24
            training losses: [1.7578611760124612, 1.741311331775701, 1.7308459890965733, 1.721780081775701, 1.7073233060747663, 1.6917956580996885, 1.6777161214953271, 1.6679079049844237, 1.6614826713395638, 1.6560431269470406, 1.6507496105919004, 1.6475004867601246, 1.640211253894081, 1.640077394859813, 1.6383859034267914, 1.6343944704049844, 1.6316929517133956, 1.6288697429906542, 1.624221183800623, 1.618014992211838, 1.6160071066978192, 1.6135611370716512, 1.6088639018691588, 1.6038015965732086, 1.5997128115264798, 1.598203855140187, 1.596281152647975, 1.5889554127725856, 1.5838566004672898, 1.5814593068535825, 1.5769202686915889]
            training accuracies: [21.74505794137696, 23.73161943714091, 24.228259811081898, 25.25075469860746, 25.82529944493135, 26.059012562080046, 27.39312493913721, 27.733956568312397, 27.539195637355146, 28.18190670951407, 28.590904664524295, 28.60064271107216, 29.02911675917811, 28.87330801441231, 28.951212386795213, 29.447852760736197, 29.623137598597722, 29.788684389911385, 29.88606485539001, 29.983445320868636, 30.762489044697634, 30.353491089687406, 30.976726068750608, 31.337033791021522, 30.762489044697634, 30.743012951601912, 31.29808160483007, 31.814198071866784, 32.49586133021716, 32.59324179569578, 33.09962021618463]
            validation losses: [1.746045524691358, 1.7360146604938271, 1.7269483024691359, 1.7217399691358024, 1.6912615740740742, 1.6899112654320987, 1.6901041666666667, 1.6720679012345678, 1.6805555555555556, 1.666087962962963, 1.673707561728395, 1.6747685185185186, 1.6810378086419753, 1.662037037037037, 1.6555748456790123, 1.6840277777777777, 1.6624228395061729, 1.65625, 1.6684992283950617, 1.6525848765432098, 1.6535493827160495, 1.6666666666666667, 1.6554783950617284, 1.6536458333333333, 1.6508487654320987, 1.6551890432098766, 1.665895061728395, 1.65625, 1.6585648148148149, 1.6585648148148149, 1.662519290123457]
            validation accuracies: [22.585669781931465, 25.85669781931464, 26.246105919003114, 26.168224299065418, 26.012461059190027, 25.85669781931464, 24.68847352024922, 26.401869158878505, 26.401869158878505, 27.33644859813084, 26.557632398753896, 27.180685358255452, 26.168224299065418, 26.713395638629283, 28.115264797507788, 26.635514018691588, 28.115264797507788, 27.258566978193144, 27.258566978193144, 27.80373831775701, 28.66043613707165, 29.049844236760126, 27.570093457943923, 27.180685358255452, 26.635514018691588, 25.934579439252335, 27.258566978193144, 26.791277258566975, 26.557632398753896, 27.102803738317753, 26.012461059190027]
            test accuracy: 29.540140296180827
            confusion matrix:
 [[113  40  46  45   5   1]
 [ 62  77  81  39   6   2]
 [ 31  54  97  64   3   0]
 [ 28  35  73  73   1   1]
 [ 66  58  41  37  12   0]
 [ 55  11   9   7   3   7]]