Llama-7b_FULL_SimpleLinearHead_1710454023.8655596
{'LM': 'LLAMA 2 7B', 'HUGGINGFACE_IMPLEMENTATION': 'AutoModel', 'CLF_HEAD': 'SimplestLinearHead', 'FREEZE_LM': True, 'BATCH_SIZE': 8, 'NUM_EPOCHS': 200, 'EARLY_STOPPING_AFTER': 'NEVER', 'LEARNING_RATE': 0.001, 'OPTIMIZER': 'Adam', 'QUANTIZATION': True, 'DATASET': 'Liar', 'DATA_FRAC': 1, 'KEEP_COLUMNS': ['statement', 'label'], 'NUM_CLASSES': 6, 'LABEL_MAPPING': {0: 0, 1: 1, 2: 2, 3: 3, 4: 4, 5: 5}}

Number of epochs trained: 200 took 34020.16612815857s 
The best validation result was obtained after 24 epochs 
Checkpoint saved at: Llama-7b_FULL_SimpleLinearHead_1710454023.8655596/checkpoint_Llama-7b_FULL_SimpleLinearHead_1710454023.8655596.pthTraining took: 34020.16612815857s in total.

Training Loss: 
[2.1030645657365565, 1.9955619723068962, 1.8907856049474525, 1.8243072023180043, 1.7585558110262003, 1.709919568348525, 1.6597634913904644, 1.6445257965463715, 1.5965964680891542, 1.573854831613113, 1.5274691689655044, 1.5099718789352434, 1.5085938632070461, 1.464474473786874, 1.4422702068155429, 1.4127473450291936, 1.3844479281582935, 1.4024944975043754, 1.353201959293765, 1.3586959991012222, 1.3183795471104134, 1.3412991848736537, 1.3293616583228482, 1.2661496025750942, 1.2845286248582546, 1.2451769684055514, 1.2465050043161041, 1.224013497083915, 1.264009368974379, 1.2459478440732228, 1.2095710739400527, 1.1785604451606022, 1.184548872351832, 1.1982248006533611, 1.1936271166272252, 1.1466204022228532, 1.1809364793781552, 1.1332146710719089, 1.1319880784602365, 1.132503941434659, 1.1111838586303489, 1.1279928625628026, 1.1131045525528003, 1.0812890499110719, 1.0829756811748599, 1.0866140874561119, 1.075801478344889, 1.0860111403200672, 1.0809523316558647, 1.065245773979808, 1.0597038626020943, 1.0443424033436264, 1.049639595533225, 1.049054005818668, 1.0228039851858979, 1.0166094256361882, 1.0253023151482377, 1.0071261164926666, 1.0157967306836, 1.0058770448294385, 0.99977529095921, 0.985108143298936, 0.9967673694500206, 0.9906109684724302, 0.9580895375762123, 0.9969371255382756, 0.9889307247933198, 0.9982433706359514, 0.9480491177849123, 0.9708172676626395, 0.957853554228663, 0.9252357940737889, 0.9473615050536357, 0.9430958714098249, 0.9287781004164356, 0.9168742050030892, 0.9150576298284661, 0.9038261685091016, 0.9331914227212144, 0.9183324601129857, 0.8773178894455745, 0.9076066757450779, 0.9000075897114856, 0.9098341990859942, 0.871204066331095, 0.8858111918877776, 0.8938359028291294, 0.8857282150211828, 0.8768281232321931, 0.8873795680875811, 0.8450706090743296, 0.8664530046469883, 0.8533466776885162, 0.8718675480969831, 0.8696278013474659, 0.8560878037361899, 0.8481729108306385, 0.8600568967607348, 0.8537839015255279, 0.8373383598523998, 0.8442493534278461, 0.8605513081906183, 0.8194246890075575, 0.8476141352450179, 0.812282455765941, 0.8403566163439431, 0.8101220590198801, 0.8488603593909249, 0.814387665075073, 0.8084899582827574, 0.8085618916307097, 0.8072119664656132, 0.7941933977548207, 0.7964500010860764, 0.8131859465023485, 0.7961136548956885, 0.799177508673564, 0.8085811762255254, 0.7935163082259002, 0.7982239760632548, 0.8004786358200409, 0.7747130291681517, 0.8059175497448983, 0.783365990009124, 0.7643510922042485, 0.7715268097324675, 0.796580613692323, 0.749720172416941, 0.7746337934214378, 0.7687877345760571, 0.7723045007752203, 0.7599676316487965, 0.766617476600701, 0.7684502756901991, 0.761304893858754, 0.752393914221255, 0.7557653925001528, 0.7523870750814908, 0.7443715038323467, 0.7437565376303185, 0.7486226009146958, 0.7332061985652674, 0.747940256623, 0.7334634832068814, 0.7216382200548257, 0.7252042357522611, 0.7246088625114655, 0.7340277997469327, 0.7406287567103949, 0.7269631712218729, 0.7073069909657134, 0.7199801219354537, 0.7265386529197203, 0.7294797021344397, 0.7087460951502449, 0.712164861765165, 0.7136746728241536, 0.6990950875901081, 0.6981661518821, 0.7053988169751063, 0.6990379594452099, 0.6986292883626118, 0.691783442214201, 0.6846355305450774, 0.7197570206214473, 0.6977869677487935, 0.6972859877065938, 0.6867823379630704, 0.6718554931498391, 0.7027307513149635, 0.6703217652890355, 0.6703738056767349, 0.6866989065762436, 0.6663667028218601, 0.6803177679871496, 0.6636757238004994, 0.6626617795906705, 0.6579505942843135, 0.6691753423317246, 0.6744167524131706, 0.6374864544852918, 0.6686691412168361, 0.6876689191788691, 0.658354634358156, 0.6451095138484978, 0.6468898036816039, 0.6770420995688884, 0.662238661281045, 0.6711043968007572, 0.6644817550037044, 0.663606973518719, 0.6397369296298684, 0.641538326930243, 0.6631216222356506, 0.6250978081263718, 0.6512913462064719, 0.632898522596052, 0.6611035222860744, 0.649114493086261, 0.6305648264274976]

Validation Loss: 
[2.187875954260737, 2.064279483712238, 2.0712272876538105, 2.2049442899893528, 1.9918540153444184, 2.151422131505812, 2.2495354932287466, 3.070030135397585, 2.3531255307404892, 2.274836806777101, 2.6581500398446316, 2.172553108715863, 2.214353164530689, 2.429074383670499, 2.433925779709905, 2.523683896716337, 2.63548395426377, 2.518405119084423, 2.5149633847408412, 2.5684427052551175, 2.8740313216025783, 2.622934172982755, 2.5624601404118983, 2.775371347525105, 2.630988287629548, 2.531998575103949, 2.856956157625092, 2.972766936195563, 2.825734015577328, 2.7927368834892414, 2.8346003360629823, 3.0852997695437128, 2.9400010171884334, 2.793300659760185, 2.878192360356728, 2.805573738509824, 2.9741123785143313, 2.912469482569961, 2.9531494260574718, 2.8788511952998475, 3.0594592886681884, 3.216855892853707, 2.9158952658220847, 3.1190996769792543, 3.1531071955372827, 3.0503611016717755, 2.989140658645156, 2.9224373083677353, 3.206102544476527, 2.9826226434352234, 3.009936412669117, 3.1394245528286286, 3.117532399130164, 3.101947506022009, 3.1387280388648464, 3.1258499289151302, 3.1835307541841305, 3.220890886294916, 3.3065100464021198, 3.1734568547017825, 3.186232779337012, 3.3294418124678713, 3.2646908330621187, 3.3636601141520908, 3.473645195457506, 3.4500996311258825, 3.4620728492736816, 3.242647121411673, 3.368811893907393, 3.228515092630564, 3.406442351963209, 3.534425231240551, 3.453773820622367, 3.431953697471145, 3.5890153772342277, 3.65418148151836, 3.351322440997414, 3.5903415487419745, 3.490447985459559, 3.7843520482134374, 3.5028055025183638, 3.4892856349115786, 3.724662332801345, 3.6807125532849234, 3.5974808524114006, 3.6886263308317764, 3.705859559663334, 3.617908755814807, 3.757038833561891, 3.5791450790736987, 3.6088635129217774, 3.7492927742300566, 3.7483816791025006, 3.7348710890882506, 4.027937820979527, 3.79170989249804, 3.9285075124006092, 4.1783662271795805, 3.842103532752635, 3.8252526914110834, 3.8310712916510448, 3.806514094334952, 3.8562120095543237, 3.8603639513809487, 3.8346960996248707, 3.9962477721042515, 4.027894655369824, 3.7961991721798913, 4.007447794357442, 4.283930939917239, 4.087143498177854, 4.19108057688482, 3.919731941282379, 4.385886609184076, 3.967906105592384, 4.179354427764134, 4.175694433428486, 4.272875816925712, 4.020900737424815, 4.01526714815116, 4.079529168442909, 4.272379812246524, 4.236561315030045, 4.114688640055449, 4.273848914211581, 4.208385494925221, 4.178714535251167, 4.634049396337189, 4.452378711345033, 4.1564365980788045, 4.09318547071137, 4.3080582255902495, 4.4094465763672535, 4.182459110058613, 4.571447528667331, 4.305963097892192, 4.255288482452771, 4.500709102760931, 4.549295854864654, 4.491471645254526, 4.364154449901226, 4.598451432974442, 4.421670923321884, 4.618831507907891, 4.6261095489774435, 4.406991585071043, 4.471808931842354, 4.391810060287854, 4.415687341127336, 4.744180492732836, 4.465159492463059, 4.532806393892868, 4.573212935317377, 4.606385937388639, 4.799733909760943, 4.648498412985239, 4.842257173905462, 4.693637756827455, 4.566105964761343, 4.923387407516101, 4.706098050064182, 4.678500465724779, 4.505135956017868, 4.636622405200271, 4.601817613062651, 4.620083050698227, 4.562189256922799, 4.713145560359362, 4.651093953329584, 4.736082846333521, 4.658299925904837, 4.694162005223102, 4.860636891045186, 4.787659638416693, 4.759144340242658, 4.842735978387157, 4.732358328303936, 4.861264573861353, 4.842120615591914, 4.806768311476856, 4.894508720925136, 4.692124584446782, 5.129075661209059, 4.98980891038172, 4.892252266777228, 5.001775755645325, 5.102243291665308, 5.0833935600630245, 4.9911600566058425, 4.867482055048025, 5.258276051616076, 4.808450647762844, 4.959749503165298, 5.06940017649846, 4.988096676998257, 5.190118011480533, 5.353070248728213, 5.043880607770837, 5.023787003126204, 5.148439989326904]

Training Acc: 
[0.2283571915473756, 0.26993865030674846, 0.3083065537053267, 0.3315804849547181, 0.35397799201480185, 0.3675138767163307, 0.3890349595871068, 0.39429350472295255, 0.41376959781867756, 0.4236050248320187, 0.4354854416204109, 0.44824228259811083, 0.45028727237316196, 0.4528191644756062, 0.4662576687116564, 0.4752166715356899, 0.4834940111013731, 0.48057259713701433, 0.4992696465089103, 0.49673775440646606, 0.5111500632973026, 0.5022884409387477, 0.5108579219008667, 0.527120459635797, 0.5261466549810108, 0.5324763852371215, 0.5400720615444542, 0.5491284448339663, 0.5308209173239848, 0.5400720615444542, 0.5501996299542312, 0.5648066997760249, 0.563248612328367, 0.5594507741747006, 0.5641250365176745, 0.5776609212192034, 0.562177427208102, 0.5804849547180836, 0.5837958905443568, 0.5841854124062713, 0.5875937286980232, 0.5822378030966988, 0.5921706105755186, 0.5977212971078002, 0.6005453306066802, 0.5999610478138085, 0.6003505696757231, 0.6022007985198169, 0.6005453306066802, 0.606875060862791, 0.6120362255331581, 0.6111598013438504, 0.6144707371701237, 0.6087252897068848, 0.6204109455643197, 0.6235271204596358, 0.626838056285909, 0.6232349790631999, 0.6250852079072938, 0.6312201772324472, 0.630733274905054, 0.6368682442302074, 0.630733274905054, 0.6350180153861136, 0.6464115298471127, 0.6386210926088227, 0.6330704060765411, 0.6319992209562761, 0.6507936507936508, 0.639302755867173, 0.6415425065731815, 0.6570260005842828, 0.6544941084818385, 0.6561495763949752, 0.6530334014996592, 0.6554679131366248, 0.6612133605998637, 0.6610185996689064, 0.6545914889473171, 0.6691985587691109, 0.6706592657512903, 0.663453111305872, 0.6692959392345895, 0.6649138182880514, 0.6701723634238972, 0.6717304508715551, 0.6725094945953841, 0.6718278313370338, 0.6722173531989483, 0.6682247541143247, 0.6831239653325543, 0.6772811374038368, 0.6817606388158536, 0.6746518648359139, 0.6802999318336742, 0.6816632583503749, 0.684487291849255, 0.6785470834550589, 0.6850715746421268, 0.6889667932612717, 0.6921803486220665, 0.682929204401597, 0.6995812639984419, 0.6858506183659558, 0.6973415132924335, 0.6884798909338786, 0.6957834258447755, 0.6836108676599474, 0.6950043821209465, 0.6975362742233908, 0.7001655467913137, 0.7009445905151427, 0.7061057551855098, 0.7061057551855098, 0.6968546109650404, 0.7069821793748174, 0.7030869607556725, 0.7028921998247152, 0.7069821793748174, 0.7062031356509885, 0.7041581458759373, 0.7095140714772616, 0.7021131561008862, 0.7106826370630052, 0.7166228454572013, 0.7174992696465089, 0.7062031356509885, 0.7258739896776707, 0.7103904956665693, 0.7174992696465089, 0.7166228454572013, 0.7228551952478333, 0.7163307040607654, 0.7202259226799104, 0.717207128250073, 0.7233420975752264, 0.7228551952478333, 0.7214918687311326, 0.7224656733859188, 0.7167202259226799, 0.7194468789560814, 0.7268477943324569, 0.7262635115395851, 0.7282111208491576, 0.7333722855195248, 0.7290875450384653, 0.7286980231765507, 0.7253870873502776, 0.724997565488363, 0.7323984808647386, 0.7357094166910118, 0.7370727432077125, 0.7321063394683026, 0.7348329925017042, 0.739799396241114, 0.7346382315707469, 0.732008959002824, 0.7416496250852079, 0.740870581361379, 0.7394098743791996, 0.7361963190184049, 0.7426234297399942, 0.7438893757912163, 0.7466160288246178, 0.7374622650696271, 0.7449605609114811, 0.7401889181030286, 0.7457396046353102, 0.7555750316486513, 0.7402862985685071, 0.7473950725484467, 0.7472003116174896, 0.7402862985685071, 0.7558671730450871, 0.7510955302366346, 0.7560619339760444, 0.7555750316486513, 0.7541143246664719, 0.7556724121141299, 0.746810789755575, 0.7602492939916253, 0.7513876716330704, 0.7496348232544552, 0.7529457590807284, 0.7633654688869412, 0.7579121628201383, 0.7495374427889765, 0.7548933683903009, 0.7471029311520109, 0.7550881293212581, 0.7554776511831727, 0.7618073814392833, 0.7633654688869412, 0.7523614762878567, 0.765507839127471, 0.7534326614081215, 0.7659947414548641, 0.7561593144415231, 0.7599571525951894, 0.7600545330606681]

Validation Acc: 
[0.22118380062305296, 0.2531152647975078, 0.23208722741433022, 0.2383177570093458, 0.26713395638629284, 0.24065420560747663, 0.2484423676012461, 0.21417445482866043, 0.24143302180685358, 0.2616822429906542, 0.24766355140186916, 0.2601246105919003, 0.24221183800623053, 0.22741433021806853, 0.24143302180685358, 0.23052959501557632, 0.2383177570093458, 0.2515576323987539, 0.26246105919003115, 0.26401869158878505, 0.2266355140186916, 0.2562305295950156, 0.2570093457943925, 0.2718068535825545, 0.23052959501557632, 0.24766355140186916, 0.220404984423676, 0.23208722741433022, 0.2531152647975078, 0.24299065420560748, 0.2570093457943925, 0.26090342679127726, 0.220404984423676, 0.2515576323987539, 0.24454828660436137, 0.24143302180685358, 0.2562305295950156, 0.23753894080996885, 0.24299065420560748, 0.23598130841121495, 0.23753894080996885, 0.2538940809968847, 0.2468847352024922, 0.24610591900311526, 0.2383177570093458, 0.25778816199376947, 0.2531152647975078, 0.24922118380062305, 0.22118380062305296, 0.24610591900311526, 0.2523364485981308, 0.24221183800623053, 0.2554517133956386, 0.22975077881619937, 0.22975077881619937, 0.24299065420560748, 0.26246105919003115, 0.23909657320872274, 0.23598130841121495, 0.25778816199376947, 0.24454828660436137, 0.22741433021806853, 0.24376947040498442, 0.23909657320872274, 0.24922118380062305, 0.24221183800623053, 0.2531152647975078, 0.24610591900311526, 0.24922118380062305, 0.2507788161993769, 0.2546728971962617, 0.24221183800623053, 0.24766355140186916, 0.26479750778816197, 0.2398753894080997, 0.235202492211838, 0.2554517133956386, 0.22274143302180685, 0.24922118380062305, 0.2546728971962617, 0.2507788161993769, 0.2468847352024922, 0.23598130841121495, 0.25, 0.24143302180685358, 0.2336448598130841, 0.2250778816199377, 0.2468847352024922, 0.2398753894080997, 0.24299065420560748, 0.235202492211838, 0.24065420560747663, 0.2484423676012461, 0.23208722741433022, 0.22118380062305296, 0.24299065420560748, 0.2367601246105919, 0.22274143302180685, 0.23130841121495327, 0.2398753894080997, 0.2554517133956386, 0.24454828660436137, 0.235202492211838, 0.23909657320872274, 0.2250778816199377, 0.21495327102803738, 0.21728971962616822, 0.24454828660436137, 0.23598130841121495, 0.2266355140186916, 0.24299065420560748, 0.22975077881619937, 0.22897196261682243, 0.22975077881619937, 0.24143302180685358, 0.2383177570093458, 0.2546728971962617, 0.22741433021806853, 0.23442367601246106, 0.24766355140186916, 0.23753894080996885, 0.2266355140186916, 0.2266355140186916, 0.2515576323987539, 0.22897196261682243, 0.2235202492211838, 0.26246105919003115, 0.23909657320872274, 0.22585669781931464, 0.22975077881619937, 0.25934579439252337, 0.2554517133956386, 0.23909657320872274, 0.24065420560747663, 0.23208722741433022, 0.24376947040498442, 0.24299065420560748, 0.25, 0.235202492211838, 0.23753894080996885, 0.23909657320872274, 0.2538940809968847, 0.2235202492211838, 0.22975077881619937, 0.22429906542056074, 0.24299065420560748, 0.2219626168224299, 0.23442367601246106, 0.23753894080996885, 0.2250778816199377, 0.23286604361370716, 0.24376947040498442, 0.23286604361370716, 0.22118380062305296, 0.2336448598130841, 0.23208722741433022, 0.2219626168224299, 0.22585669781931464, 0.23052959501557632, 0.21495327102803738, 0.22741433021806853, 0.2383177570093458, 0.2383177570093458, 0.24299065420560748, 0.2219626168224299, 0.2336448598130841, 0.24610591900311526, 0.22897196261682243, 0.24532710280373832, 0.22975077881619937, 0.24922118380062305, 0.235202492211838, 0.23052959501557632, 0.23909657320872274, 0.23442367601246106, 0.22975077881619937, 0.23598130841121495, 0.23753894080996885, 0.2250778816199377, 0.22897196261682243, 0.2554517133956386, 0.24299065420560748, 0.24221183800623053, 0.2398753894080997, 0.23909657320872274, 0.2219626168224299, 0.2266355140186916, 0.2398753894080997, 0.23052959501557632, 0.235202492211838, 0.22585669781931464, 0.24532710280373832, 0.24221183800623053, 0.23286604361370716, 0.23208722741433022, 0.23286604361370716, 0.23052959501557632, 0.2266355140186916, 0.23130841121495327, 0.24454828660436137]




 Epoch 0: 
Training 
Labels predicted: 	 True targets: 	 Correct labels: 
1992 			 1998 			 1494 
2141 			 2123 			 1557 
1977 			 1966 			 1472 
1676 			 1683 			 1286 
1654 			 1657 			 1258 
829 			 842 			 738 

 Validation 
Labels predicted: 	 True targets: 	 Correct labels: 
191 			 263 			 50 
221 			 248 			 46 
242 			 251 			 75 
249 			 169 			 50 
233 			 237 			 58 
148 			 116 			 35 

 Epoch 1: 
Training 
Labels predicted: 	 True targets: 	 Correct labels: 
1992 			 1998 			 1494 
2141 			 2123 			 1557 
1977 			 1966 			 1472 
1676 			 1683 			 1286 
1654 			 1657 			 1258 
829 			 842 			 738 

 Validation 
Labels predicted: 	 True targets: 	 Correct labels: 
191 			 263 			 50 
221 			 248 			 46 
242 			 251 			 75 
249 			 169 			 50 
233 			 237 			 58 
148 			 116 			 35 

 Epoch 2: 
Training 
Labels predicted: 	 True targets: 	 Correct labels: 
1992 			 1998 			 1494 
2141 			 2123 			 1557 
1977 			 1966 			 1472 
1676 			 1683 			 1286 
1654 			 1657 			 1258 
829 			 842 			 738 

 Validation 
Labels predicted: 	 True targets: 	 Correct labels: 
191 			 263 			 50 
221 			 248 			 46 
242 			 251 			 75 
249 			 169 			 50 
233 			 237 			 58 
148 			 116 			 35 

 Epoch 3: 
Training 
Labels predicted: 	 True targets: 	 Correct labels: 
1992 			 1998 			 1494 
2141 			 2123 			 1557 
1977 			 1966 			 1472 
1676 			 1683 			 1286 
1654 			 1657 			 1258 
829 			 842 			 738 

 Validation 
Labels predicted: 	 True targets: 	 Correct labels: 
191 			 263 			 50 
221 			 248 			 46 
242 			 251 			 75 
249 			 169 			 50 
233 			 237 			 58 
148 			 116 			 35 

 Epoch 4: 
Training 
Labels predicted: 	 True targets: 	 Correct labels: 
1992 			 1998 			 1494 
2141 			 2123 			 1557 
1977 			 1966 			 1472 
1676 			 1683 			 1286 
1654 			 1657 			 1258 
829 			 842 			 738 

 Validation 
Labels predicted: 	 True targets: 	 Correct labels: 
191 			 263 			 50 
221 			 248 			 46 
242 			 251 			 75 
249 			 169 			 50 
233 			 237 			 58 
148 			 116 			 35 

 Epoch 5: 
Training 
Labels predicted: 	 True targets: 	 Correct labels: 
1992 			 1998 			 1494 
2141 			 2123 			 1557 
1977 			 1966 			 1472 
1676 			 1683 			 1286 
1654 			 1657 			 1258 
829 			 842 			 738 

 Validation 
Labels predicted: 	 True targets: 	 Correct labels: 
191 			 263 			 50 
221 			 248 			 46 
242 			 251 			 75 
249 			 169 			 50 
233 			 237 			 58 
148 			 116 			 35 

 Epoch 6: 
Training 
Labels predicted: 	 True targets: 	 Correct labels: 
1992 			 1998 			 1494 
2141 			 2123 			 1557 
1977 			 1966 			 1472 
1676 			 1683 			 1286 
1654 			 1657 			 1258 
829 			 842 			 738 

 Validation 
Labels predicted: 	 True targets: 	 Correct labels: 
191 			 263 			 50 
221 			 248 			 46 
242 			 251 			 75 
249 			 169 			 50 
233 			 237 			 58 
148 			 116 			 35 

 Epoch 7: 
Training 
Labels predicted: 	 True targets: 	 Correct labels: 
1992 			 1998 			 1494 
2141 			 2123 			 1557 
1977 			 1966 			 1472 
1676 			 1683 			 1286 
1654 			 1657 			 1258 
829 			 842 			 738 

 Validation 
Labels predicted: 	 True targets: 	 Correct labels: 
191 			 263 			 50 
221 			 248 			 46 
242 			 251 			 75 
249 			 169 			 50 
233 			 237 			 58 
148 			 116 			 35 

 Epoch 8: 
Training 
Labels predicted: 	 True targets: 	 Correct labels: 
1992 			 1998 			 1494 
2141 			 2123 			 1557 
1977 			 1966 			 1472 
1676 			 1683 			 1286 
1654 			 1657 			 1258 
829 			 842 			 738 

 Validation 
Labels predicted: 	 True targets: 	 Correct labels: 
191 			 263 			 50 
221 			 248 			 46 
242 			 251 			 75 
249 			 169 			 50 
233 			 237 			 58 
148 			 116 			 35 

 Epoch 9: 
Training 
Labels predicted: 	 True targets: 	 Correct labels: 
1992 			 1998 			 1494 
2141 			 2123 			 1557 
1977 			 1966 			 1472 
1676 			 1683 			 1286 
1654 			 1657 			 1258 
829 			 842 			 738 

 Validation 
Labels predicted: 	 True targets: 	 Correct labels: 
191 			 263 			 50 
221 			 248 			 46 
242 			 251 			 75 
249 			 169 			 50 
233 			 237 			 58 
148 			 116 			 35 

 Epoch 10: 
Training 
Labels predicted: 	 True targets: 	 Correct labels: 
1992 			 1998 			 1494 
2141 			 2123 			 1557 
1977 			 1966 			 1472 
1676 			 1683 			 1286 
1654 			 1657 			 1258 
829 			 842 			 738 

 Validation 
Labels predicted: 	 True targets: 	 Correct labels: 
191 			 263 			 50 
221 			 248 			 46 
242 			 251 			 75 
249 			 169 			 50 
233 			 237 			 58 
148 			 116 			 35 

 Epoch 11: 
Training 
Labels predicted: 	 True targets: 	 Correct labels: 
1992 			 1998 			 1494 
2141 			 2123 			 1557 
1977 			 1966 			 1472 
1676 			 1683 			 1286 
1654 			 1657 			 1258 
829 			 842 			 738 

 Validation 
Labels predicted: 	 True targets: 	 Correct labels: 
191 			 263 			 50 
221 			 248 			 46 
242 			 251 			 75 
249 			 169 			 50 
233 			 237 			 58 
148 			 116 			 35 

 Epoch 12: 
Training 
Labels predicted: 	 True targets: 	 Correct labels: 
1992 			 1998 			 1494 
2141 			 2123 			 1557 
1977 			 1966 			 1472 
1676 			 1683 			 1286 
1654 			 1657 			 1258 
829 			 842 			 738 

 Validation 
Labels predicted: 	 True targets: 	 Correct labels: 
191 			 263 			 50 
221 			 248 			 46 
242 			 251 			 75 
249 			 169 			 50 
233 			 237 			 58 
148 			 116 			 35 

 Epoch 13: 
Training 
Labels predicted: 	 True targets: 	 Correct labels: 
1992 			 1998 			 1494 
2141 			 2123 			 1557 
1977 			 1966 			 1472 
1676 			 1683 			 1286 
1654 			 1657 			 1258 
829 			 842 			 738 

 Validation 
Labels predicted: 	 True targets: 	 Correct labels: 
191 			 263 			 50 
221 			 248 			 46 
242 			 251 			 75 
249 			 169 			 50 
233 			 237 			 58 
148 			 116 			 35 

 Epoch 14: 
Training 
Labels predicted: 	 True targets: 	 Correct labels: 
1992 			 1998 			 1494 
2141 			 2123 			 1557 
1977 			 1966 			 1472 
1676 			 1683 			 1286 
1654 			 1657 			 1258 
829 			 842 			 738 

 Validation 
Labels predicted: 	 True targets: 	 Correct labels: 
191 			 263 			 50 
221 			 248 			 46 
242 			 251 			 75 
249 			 169 			 50 
233 			 237 			 58 
148 			 116 			 35 

 Epoch 15: 
Training 
Labels predicted: 	 True targets: 	 Correct labels: 
1992 			 1998 			 1494 
2141 			 2123 			 1557 
1977 			 1966 			 1472 
1676 			 1683 			 1286 
1654 			 1657 			 1258 
829 			 842 			 738 

 Validation 
Labels predicted: 	 True targets: 	 Correct labels: 
191 			 263 			 50 
221 			 248 			 46 
242 			 251 			 75 
249 			 169 			 50 
233 			 237 			 58 
148 			 116 			 35 

 Epoch 16: 
Training 
Labels predicted: 	 True targets: 	 Correct labels: 
1992 			 1998 			 1494 
2141 			 2123 			 1557 
1977 			 1966 			 1472 
1676 			 1683 			 1286 
1654 			 1657 			 1258 
829 			 842 			 738 

 Validation 
Labels predicted: 	 True targets: 	 Correct labels: 
191 			 263 			 50 
221 			 248 			 46 
242 			 251 			 75 
249 			 169 			 50 
233 			 237 			 58 
148 			 116 			 35 

 Epoch 17: 
Training 
Labels predicted: 	 True targets: 	 Correct labels: 
1992 			 1998 			 1494 
2141 			 2123 			 1557 
1977 			 1966 			 1472 
1676 			 1683 			 1286 
1654 			 1657 			 1258 
829 			 842 			 738 

 Validation 
Labels predicted: 	 True targets: 	 Correct labels: 
191 			 263 			 50 
221 			 248 			 46 
242 			 251 			 75 
249 			 169 			 50 
233 			 237 			 58 
148 			 116 			 35 

 Epoch 18: 
Training 
Labels predicted: 	 True targets: 	 Correct labels: 
1992 			 1998 			 1494 
2141 			 2123 			 1557 
1977 			 1966 			 1472 
1676 			 1683 			 1286 
1654 			 1657 			 1258 
829 			 842 			 738 

 Validation 
Labels predicted: 	 True targets: 	 Correct labels: 
191 			 263 			 50 
221 			 248 			 46 
242 			 251 			 75 
249 			 169 			 50 
233 			 237 			 58 
148 			 116 			 35 

 Epoch 19: 
Training 
Labels predicted: 	 True targets: 	 Correct labels: 
1992 			 1998 			 1494 
2141 			 2123 			 1557 
1977 			 1966 			 1472 
1676 			 1683 			 1286 
1654 			 1657 			 1258 
829 			 842 			 738 

 Validation 
Labels predicted: 	 True targets: 	 Correct labels: 
191 			 263 			 50 
221 			 248 			 46 
242 			 251 			 75 
249 			 169 			 50 
233 			 237 			 58 
148 			 116 			 35 

 Epoch 20: 
Training 
Labels predicted: 	 True targets: 	 Correct labels: 
1992 			 1998 			 1494 
2141 			 2123 			 1557 
1977 			 1966 			 1472 
1676 			 1683 			 1286 
1654 			 1657 			 1258 
829 			 842 			 738 

 Validation 
Labels predicted: 	 True targets: 	 Correct labels: 
191 			 263 			 50 
221 			 248 			 46 
242 			 251 			 75 
249 			 169 			 50 
233 			 237 			 58 
148 			 116 			 35 

 Epoch 21: 
Training 
Labels predicted: 	 True targets: 	 Correct labels: 
1992 			 1998 			 1494 
2141 			 2123 			 1557 
1977 			 1966 			 1472 
1676 			 1683 			 1286 
1654 			 1657 			 1258 
829 			 842 			 738 

 Validation 
Labels predicted: 	 True targets: 	 Correct labels: 
191 			 263 			 50 
221 			 248 			 46 
242 			 251 			 75 
249 			 169 			 50 
233 			 237 			 58 
148 			 116 			 35 

 Epoch 22: 
Training 
Labels predicted: 	 True targets: 	 Correct labels: 
1992 			 1998 			 1494 
2141 			 2123 			 1557 
1977 			 1966 			 1472 
1676 			 1683 			 1286 
1654 			 1657 			 1258 
829 			 842 			 738 

 Validation 
Labels predicted: 	 True targets: 	 Correct labels: 
191 			 263 			 50 
221 			 248 			 46 
242 			 251 			 75 
249 			 169 			 50 
233 			 237 			 58 
148 			 116 			 35 

 Epoch 23: 
Training 
Labels predicted: 	 True targets: 	 Correct labels: 
1992 			 1998 			 1494 
2141 			 2123 			 1557 
1977 			 1966 			 1472 
1676 			 1683 			 1286 
1654 			 1657 			 1258 
829 			 842 			 738 

 Validation 
Labels predicted: 	 True targets: 	 Correct labels: 
191 			 263 			 50 
221 			 248 			 46 
242 			 251 			 75 
249 			 169 			 50 
233 			 237 			 58 
148 			 116 			 35 

 Epoch 24: 
Training 
Labels predicted: 	 True targets: 	 Correct labels: 
1992 			 1998 			 1494 
2141 			 2123 			 1557 
1977 			 1966 			 1472 
1676 			 1683 			 1286 
1654 			 1657 			 1258 
829 			 842 			 738 

 Validation 
Labels predicted: 	 True targets: 	 Correct labels: 
191 			 263 			 50 
221 			 248 			 46 
242 			 251 			 75 
249 			 169 			 50 
233 			 237 			 58 
148 			 116 			 35 

 Epoch 25: 
Training 
Labels predicted: 	 True targets: 	 Correct labels: 
1992 			 1998 			 1494 
2141 			 2123 			 1557 
1977 			 1966 			 1472 
1676 			 1683 			 1286 
1654 			 1657 			 1258 
829 			 842 			 738 

 Validation 
Labels predicted: 	 True targets: 	 Correct labels: 
191 			 263 			 50 
221 			 248 			 46 
242 			 251 			 75 
249 			 169 			 50 
233 			 237 			 58 
148 			 116 			 35 

 Epoch 26: 
Training 
Labels predicted: 	 True targets: 	 Correct labels: 
1992 			 1998 			 1494 
2141 			 2123 			 1557 
1977 			 1966 			 1472 
1676 			 1683 			 1286 
1654 			 1657 			 1258 
829 			 842 			 738 

 Validation 
Labels predicted: 	 True targets: 	 Correct labels: 
191 			 263 			 50 
221 			 248 			 46 
242 			 251 			 75 
249 			 169 			 50 
233 			 237 			 58 
148 			 116 			 35 

 Epoch 27: 
Training 
Labels predicted: 	 True targets: 	 Correct labels: 
1992 			 1998 			 1494 
2141 			 2123 			 1557 
1977 			 1966 			 1472 
1676 			 1683 			 1286 
1654 			 1657 			 1258 
829 			 842 			 738 

 Validation 
Labels predicted: 	 True targets: 	 Correct labels: 
191 			 263 			 50 
221 			 248 			 46 
242 			 251 			 75 
249 			 169 			 50 
233 			 237 			 58 
148 			 116 			 35 

 Epoch 28: 
Training 
Labels predicted: 	 True targets: 	 Correct labels: 
1992 			 1998 			 1494 
2141 			 2123 			 1557 
1977 			 1966 			 1472 
1676 			 1683 			 1286 
1654 			 1657 			 1258 
829 			 842 			 738 

 Validation 
Labels predicted: 	 True targets: 	 Correct labels: 
191 			 263 			 50 
221 			 248 			 46 
242 			 251 			 75 
249 			 169 			 50 
233 			 237 			 58 
148 			 116 			 35 

 Epoch 29: 
Training 
Labels predicted: 	 True targets: 	 Correct labels: 
1992 			 1998 			 1494 
2141 			 2123 			 1557 
1977 			 1966 			 1472 
1676 			 1683 			 1286 
1654 			 1657 			 1258 
829 			 842 			 738 

 Validation 
Labels predicted: 	 True targets: 	 Correct labels: 
191 			 263 			 50 
221 			 248 			 46 
242 			 251 			 75 
249 			 169 			 50 
233 			 237 			 58 
148 			 116 			 35 

 Epoch 30: 
Training 
Labels predicted: 	 True targets: 	 Correct labels: 
1992 			 1998 			 1494 
2141 			 2123 			 1557 
1977 			 1966 			 1472 
1676 			 1683 			 1286 
1654 			 1657 			 1258 
829 			 842 			 738 

 Validation 
Labels predicted: 	 True targets: 	 Correct labels: 
191 			 263 			 50 
221 			 248 			 46 
242 			 251 			 75 
249 			 169 			 50 
233 			 237 			 58 
148 			 116 			 35 

 Epoch 31: 
Training 
Labels predicted: 	 True targets: 	 Correct labels: 
1992 			 1998 			 1494 
2141 			 2123 			 1557 
1977 			 1966 			 1472 
1676 			 1683 			 1286 
1654 			 1657 			 1258 
829 			 842 			 738 

 Validation 
Labels predicted: 	 True targets: 	 Correct labels: 
191 			 263 			 50 
221 			 248 			 46 
242 			 251 			 75 
249 			 169 			 50 
233 			 237 			 58 
148 			 116 			 35 

 Epoch 32: 
Training 
Labels predicted: 	 True targets: 	 Correct labels: 
1992 			 1998 			 1494 
2141 			 2123 			 1557 
1977 			 1966 			 1472 
1676 			 1683 			 1286 
1654 			 1657 			 1258 
829 			 842 			 738 

 Validation 
Labels predicted: 	 True targets: 	 Correct labels: 
191 			 263 			 50 
221 			 248 			 46 
242 			 251 			 75 
249 			 169 			 50 
233 			 237 			 58 
148 			 116 			 35 

 Epoch 33: 
Training 
Labels predicted: 	 True targets: 	 Correct labels: 
1992 			 1998 			 1494 
2141 			 2123 			 1557 
1977 			 1966 			 1472 
1676 			 1683 			 1286 
1654 			 1657 			 1258 
829 			 842 			 738 

 Validation 
Labels predicted: 	 True targets: 	 Correct labels: 
191 			 263 			 50 
221 			 248 			 46 
242 			 251 			 75 
249 			 169 			 50 
233 			 237 			 58 
148 			 116 			 35 

 Epoch 34: 
Training 
Labels predicted: 	 True targets: 	 Correct labels: 
1992 			 1998 			 1494 
2141 			 2123 			 1557 
1977 			 1966 			 1472 
1676 			 1683 			 1286 
1654 			 1657 			 1258 
829 			 842 			 738 

 Validation 
Labels predicted: 	 True targets: 	 Correct labels: 
191 			 263 			 50 
221 			 248 			 46 
242 			 251 			 75 
249 			 169 			 50 
233 			 237 			 58 
148 			 116 			 35 

 Epoch 35: 
Training 
Labels predicted: 	 True targets: 	 Correct labels: 
1992 			 1998 			 1494 
2141 			 2123 			 1557 
1977 			 1966 			 1472 
1676 			 1683 			 1286 
1654 			 1657 			 1258 
829 			 842 			 738 

 Validation 
Labels predicted: 	 True targets: 	 Correct labels: 
191 			 263 			 50 
221 			 248 			 46 
242 			 251 			 75 
249 			 169 			 50 
233 			 237 			 58 
148 			 116 			 35 

 Epoch 36: 
Training 
Labels predicted: 	 True targets: 	 Correct labels: 
1992 			 1998 			 1494 
2141 			 2123 			 1557 
1977 			 1966 			 1472 
1676 			 1683 			 1286 
1654 			 1657 			 1258 
829 			 842 			 738 

 Validation 
Labels predicted: 	 True targets: 	 Correct labels: 
191 			 263 			 50 
221 			 248 			 46 
242 			 251 			 75 
249 			 169 			 50 
233 			 237 			 58 
148 			 116 			 35 

 Epoch 37: 
Training 
Labels predicted: 	 True targets: 	 Correct labels: 
1992 			 1998 			 1494 
2141 			 2123 			 1557 
1977 			 1966 			 1472 
1676 			 1683 			 1286 
1654 			 1657 			 1258 
829 			 842 			 738 

 Validation 
Labels predicted: 	 True targets: 	 Correct labels: 
191 			 263 			 50 
221 			 248 			 46 
242 			 251 			 75 
249 			 169 			 50 
233 			 237 			 58 
148 			 116 			 35 

 Epoch 38: 
Training 
Labels predicted: 	 True targets: 	 Correct labels: 
1992 			 1998 			 1494 
2141 			 2123 			 1557 
1977 			 1966 			 1472 
1676 			 1683 			 1286 
1654 			 1657 			 1258 
829 			 842 			 738 

 Validation 
Labels predicted: 	 True targets: 	 Correct labels: 
191 			 263 			 50 
221 			 248 			 46 
242 			 251 			 75 
249 			 169 			 50 
233 			 237 			 58 
148 			 116 			 35 

 Epoch 39: 
Training 
Labels predicted: 	 True targets: 	 Correct labels: 
1992 			 1998 			 1494 
2141 			 2123 			 1557 
1977 			 1966 			 1472 
1676 			 1683 			 1286 
1654 			 1657 			 1258 
829 			 842 			 738 

 Validation 
Labels predicted: 	 True targets: 	 Correct labels: 
191 			 263 			 50 
221 			 248 			 46 
242 			 251 			 75 
249 			 169 			 50 
233 			 237 			 58 
148 			 116 			 35 

 Epoch 40: 
Training 
Labels predicted: 	 True targets: 	 Correct labels: 
1992 			 1998 			 1494 
2141 			 2123 			 1557 
1977 			 1966 			 1472 
1676 			 1683 			 1286 
1654 			 1657 			 1258 
829 			 842 			 738 

 Validation 
Labels predicted: 	 True targets: 	 Correct labels: 
191 			 263 			 50 
221 			 248 			 46 
242 			 251 			 75 
249 			 169 			 50 
233 			 237 			 58 
148 			 116 			 35 

 Epoch 41: 
Training 
Labels predicted: 	 True targets: 	 Correct labels: 
1992 			 1998 			 1494 
2141 			 2123 			 1557 
1977 			 1966 			 1472 
1676 			 1683 			 1286 
1654 			 1657 			 1258 
829 			 842 			 738 

 Validation 
Labels predicted: 	 True targets: 	 Correct labels: 
191 			 263 			 50 
221 			 248 			 46 
242 			 251 			 75 
249 			 169 			 50 
233 			 237 			 58 
148 			 116 			 35 

 Epoch 42: 
Training 
Labels predicted: 	 True targets: 	 Correct labels: 
1992 			 1998 			 1494 
2141 			 2123 			 1557 
1977 			 1966 			 1472 
1676 			 1683 			 1286 
1654 			 1657 			 1258 
829 			 842 			 738 

 Validation 
Labels predicted: 	 True targets: 	 Correct labels: 
191 			 263 			 50 
221 			 248 			 46 
242 			 251 			 75 
249 			 169 			 50 
233 			 237 			 58 
148 			 116 			 35 

 Epoch 43: 
Training 
Labels predicted: 	 True targets: 	 Correct labels: 
1992 			 1998 			 1494 
2141 			 2123 			 1557 
1977 			 1966 			 1472 
1676 			 1683 			 1286 
1654 			 1657 			 1258 
829 			 842 			 738 

 Validation 
Labels predicted: 	 True targets: 	 Correct labels: 
191 			 263 			 50 
221 			 248 			 46 
242 			 251 			 75 
249 			 169 			 50 
233 			 237 			 58 
148 			 116 			 35 

 Epoch 44: 
Training 
Labels predicted: 	 True targets: 	 Correct labels: 
1992 			 1998 			 1494 
2141 			 2123 			 1557 
1977 			 1966 			 1472 
1676 			 1683 			 1286 
1654 			 1657 			 1258 
829 			 842 			 738 

 Validation 
Labels predicted: 	 True targets: 	 Correct labels: 
191 			 263 			 50 
221 			 248 			 46 
242 			 251 			 75 
249 			 169 			 50 
233 			 237 			 58 
148 			 116 			 35 

 Epoch 45: 
Training 
Labels predicted: 	 True targets: 	 Correct labels: 
1992 			 1998 			 1494 
2141 			 2123 			 1557 
1977 			 1966 			 1472 
1676 			 1683 			 1286 
1654 			 1657 			 1258 
829 			 842 			 738 

 Validation 
Labels predicted: 	 True targets: 	 Correct labels: 
191 			 263 			 50 
221 			 248 			 46 
242 			 251 			 75 
249 			 169 			 50 
233 			 237 			 58 
148 			 116 			 35 

 Epoch 46: 
Training 
Labels predicted: 	 True targets: 	 Correct labels: 
1992 			 1998 			 1494 
2141 			 2123 			 1557 
1977 			 1966 			 1472 
1676 			 1683 			 1286 
1654 			 1657 			 1258 
829 			 842 			 738 

 Validation 
Labels predicted: 	 True targets: 	 Correct labels: 
191 			 263 			 50 
221 			 248 			 46 
242 			 251 			 75 
249 			 169 			 50 
233 			 237 			 58 
148 			 116 			 35 

 Epoch 47: 
Training 
Labels predicted: 	 True targets: 	 Correct labels: 
1992 			 1998 			 1494 
2141 			 2123 			 1557 
1977 			 1966 			 1472 
1676 			 1683 			 1286 
1654 			 1657 			 1258 
829 			 842 			 738 

 Validation 
Labels predicted: 	 True targets: 	 Correct labels: 
191 			 263 			 50 
221 			 248 			 46 
242 			 251 			 75 
249 			 169 			 50 
233 			 237 			 58 
148 			 116 			 35 

 Epoch 48: 
Training 
Labels predicted: 	 True targets: 	 Correct labels: 
1992 			 1998 			 1494 
2141 			 2123 			 1557 
1977 			 1966 			 1472 
1676 			 1683 			 1286 
1654 			 1657 			 1258 
829 			 842 			 738 

 Validation 
Labels predicted: 	 True targets: 	 Correct labels: 
191 			 263 			 50 
221 			 248 			 46 
242 			 251 			 75 
249 			 169 			 50 
233 			 237 			 58 
148 			 116 			 35 

 Epoch 49: 
Training 
Labels predicted: 	 True targets: 	 Correct labels: 
1992 			 1998 			 1494 
2141 			 2123 			 1557 
1977 			 1966 			 1472 
1676 			 1683 			 1286 
1654 			 1657 			 1258 
829 			 842 			 738 

 Validation 
Labels predicted: 	 True targets: 	 Correct labels: 
191 			 263 			 50 
221 			 248 			 46 
242 			 251 			 75 
249 			 169 			 50 
233 			 237 			 58 
148 			 116 			 35 

 Epoch 50: 
Training 
Labels predicted: 	 True targets: 	 Correct labels: 
1992 			 1998 			 1494 
2141 			 2123 			 1557 
1977 			 1966 			 1472 
1676 			 1683 			 1286 
1654 			 1657 			 1258 
829 			 842 			 738 

 Validation 
Labels predicted: 	 True targets: 	 Correct labels: 
191 			 263 			 50 
221 			 248 			 46 
242 			 251 			 75 
249 			 169 			 50 
233 			 237 			 58 
148 			 116 			 35 

 Epoch 51: 
Training 
Labels predicted: 	 True targets: 	 Correct labels: 
1992 			 1998 			 1494 
2141 			 2123 			 1557 
1977 			 1966 			 1472 
1676 			 1683 			 1286 
1654 			 1657 			 1258 
829 			 842 			 738 

 Validation 
Labels predicted: 	 True targets: 	 Correct labels: 
191 			 263 			 50 
221 			 248 			 46 
242 			 251 			 75 
249 			 169 			 50 
233 			 237 			 58 
148 			 116 			 35 

 Epoch 52: 
Training 
Labels predicted: 	 True targets: 	 Correct labels: 
1992 			 1998 			 1494 
2141 			 2123 			 1557 
1977 			 1966 			 1472 
1676 			 1683 			 1286 
1654 			 1657 			 1258 
829 			 842 			 738 

 Validation 
Labels predicted: 	 True targets: 	 Correct labels: 
191 			 263 			 50 
221 			 248 			 46 
242 			 251 			 75 
249 			 169 			 50 
233 			 237 			 58 
148 			 116 			 35 

 Epoch 53: 
Training 
Labels predicted: 	 True targets: 	 Correct labels: 
1992 			 1998 			 1494 
2141 			 2123 			 1557 
1977 			 1966 			 1472 
1676 			 1683 			 1286 
1654 			 1657 			 1258 
829 			 842 			 738 

 Validation 
Labels predicted: 	 True targets: 	 Correct labels: 
191 			 263 			 50 
221 			 248 			 46 
242 			 251 			 75 
249 			 169 			 50 
233 			 237 			 58 
148 			 116 			 35 

 Epoch 54: 
Training 
Labels predicted: 	 True targets: 	 Correct labels: 
1992 			 1998 			 1494 
2141 			 2123 			 1557 
1977 			 1966 			 1472 
1676 			 1683 			 1286 
1654 			 1657 			 1258 
829 			 842 			 738 

 Validation 
Labels predicted: 	 True targets: 	 Correct labels: 
191 			 263 			 50 
221 			 248 			 46 
242 			 251 			 75 
249 			 169 			 50 
233 			 237 			 58 
148 			 116 			 35 

 Epoch 55: 
Training 
Labels predicted: 	 True targets: 	 Correct labels: 
1992 			 1998 			 1494 
2141 			 2123 			 1557 
1977 			 1966 			 1472 
1676 			 1683 			 1286 
1654 			 1657 			 1258 
829 			 842 			 738 

 Validation 
Labels predicted: 	 True targets: 	 Correct labels: 
191 			 263 			 50 
221 			 248 			 46 
242 			 251 			 75 
249 			 169 			 50 
233 			 237 			 58 
148 			 116 			 35 

 Epoch 56: 
Training 
Labels predicted: 	 True targets: 	 Correct labels: 
1992 			 1998 			 1494 
2141 			 2123 			 1557 
1977 			 1966 			 1472 
1676 			 1683 			 1286 
1654 			 1657 			 1258 
829 			 842 			 738 

 Validation 
Labels predicted: 	 True targets: 	 Correct labels: 
191 			 263 			 50 
221 			 248 			 46 
242 			 251 			 75 
249 			 169 			 50 
233 			 237 			 58 
148 			 116 			 35 

 Epoch 57: 
Training 
Labels predicted: 	 True targets: 	 Correct labels: 
1992 			 1998 			 1494 
2141 			 2123 			 1557 
1977 			 1966 			 1472 
1676 			 1683 			 1286 
1654 			 1657 			 1258 
829 			 842 			 738 

 Validation 
Labels predicted: 	 True targets: 	 Correct labels: 
191 			 263 			 50 
221 			 248 			 46 
242 			 251 			 75 
249 			 169 			 50 
233 			 237 			 58 
148 			 116 			 35 

 Epoch 58: 
Training 
Labels predicted: 	 True targets: 	 Correct labels: 
1992 			 1998 			 1494 
2141 			 2123 			 1557 
1977 			 1966 			 1472 
1676 			 1683 			 1286 
1654 			 1657 			 1258 
829 			 842 			 738 

 Validation 
Labels predicted: 	 True targets: 	 Correct labels: 
191 			 263 			 50 
221 			 248 			 46 
242 			 251 			 75 
249 			 169 			 50 
233 			 237 			 58 
148 			 116 			 35 

 Epoch 59: 
Training 
Labels predicted: 	 True targets: 	 Correct labels: 
1992 			 1998 			 1494 
2141 			 2123 			 1557 
1977 			 1966 			 1472 
1676 			 1683 			 1286 
1654 			 1657 			 1258 
829 			 842 			 738 

 Validation 
Labels predicted: 	 True targets: 	 Correct labels: 
191 			 263 			 50 
221 			 248 			 46 
242 			 251 			 75 
249 			 169 			 50 
233 			 237 			 58 
148 			 116 			 35 

 Epoch 60: 
Training 
Labels predicted: 	 True targets: 	 Correct labels: 
1992 			 1998 			 1494 
2141 			 2123 			 1557 
1977 			 1966 			 1472 
1676 			 1683 			 1286 
1654 			 1657 			 1258 
829 			 842 			 738 

 Validation 
Labels predicted: 	 True targets: 	 Correct labels: 
191 			 263 			 50 
221 			 248 			 46 
242 			 251 			 75 
249 			 169 			 50 
233 			 237 			 58 
148 			 116 			 35 

 Epoch 61: 
Training 
Labels predicted: 	 True targets: 	 Correct labels: 
1992 			 1998 			 1494 
2141 			 2123 			 1557 
1977 			 1966 			 1472 
1676 			 1683 			 1286 
1654 			 1657 			 1258 
829 			 842 			 738 

 Validation 
Labels predicted: 	 True targets: 	 Correct labels: 
191 			 263 			 50 
221 			 248 			 46 
242 			 251 			 75 
249 			 169 			 50 
233 			 237 			 58 
148 			 116 			 35 

 Epoch 62: 
Training 
Labels predicted: 	 True targets: 	 Correct labels: 
1992 			 1998 			 1494 
2141 			 2123 			 1557 
1977 			 1966 			 1472 
1676 			 1683 			 1286 
1654 			 1657 			 1258 
829 			 842 			 738 

 Validation 
Labels predicted: 	 True targets: 	 Correct labels: 
191 			 263 			 50 
221 			 248 			 46 
242 			 251 			 75 
249 			 169 			 50 
233 			 237 			 58 
148 			 116 			 35 

 Epoch 63: 
Training 
Labels predicted: 	 True targets: 	 Correct labels: 
1992 			 1998 			 1494 
2141 			 2123 			 1557 
1977 			 1966 			 1472 
1676 			 1683 			 1286 
1654 			 1657 			 1258 
829 			 842 			 738 

 Validation 
Labels predicted: 	 True targets: 	 Correct labels: 
191 			 263 			 50 
221 			 248 			 46 
242 			 251 			 75 
249 			 169 			 50 
233 			 237 			 58 
148 			 116 			 35 

 Epoch 64: 
Training 
Labels predicted: 	 True targets: 	 Correct labels: 
1992 			 1998 			 1494 
2141 			 2123 			 1557 
1977 			 1966 			 1472 
1676 			 1683 			 1286 
1654 			 1657 			 1258 
829 			 842 			 738 

 Validation 
Labels predicted: 	 True targets: 	 Correct labels: 
191 			 263 			 50 
221 			 248 			 46 
242 			 251 			 75 
249 			 169 			 50 
233 			 237 			 58 
148 			 116 			 35 

 Epoch 65: 
Training 
Labels predicted: 	 True targets: 	 Correct labels: 
1992 			 1998 			 1494 
2141 			 2123 			 1557 
1977 			 1966 			 1472 
1676 			 1683 			 1286 
1654 			 1657 			 1258 
829 			 842 			 738 

 Validation 
Labels predicted: 	 True targets: 	 Correct labels: 
191 			 263 			 50 
221 			 248 			 46 
242 			 251 			 75 
249 			 169 			 50 
233 			 237 			 58 
148 			 116 			 35 

 Epoch 66: 
Training 
Labels predicted: 	 True targets: 	 Correct labels: 
1992 			 1998 			 1494 
2141 			 2123 			 1557 
1977 			 1966 			 1472 
1676 			 1683 			 1286 
1654 			 1657 			 1258 
829 			 842 			 738 

 Validation 
Labels predicted: 	 True targets: 	 Correct labels: 
191 			 263 			 50 
221 			 248 			 46 
242 			 251 			 75 
249 			 169 			 50 
233 			 237 			 58 
148 			 116 			 35 

 Epoch 67: 
Training 
Labels predicted: 	 True targets: 	 Correct labels: 
1992 			 1998 			 1494 
2141 			 2123 			 1557 
1977 			 1966 			 1472 
1676 			 1683 			 1286 
1654 			 1657 			 1258 
829 			 842 			 738 

 Validation 
Labels predicted: 	 True targets: 	 Correct labels: 
191 			 263 			 50 
221 			 248 			 46 
242 			 251 			 75 
249 			 169 			 50 
233 			 237 			 58 
148 			 116 			 35 

 Epoch 68: 
Training 
Labels predicted: 	 True targets: 	 Correct labels: 
1992 			 1998 			 1494 
2141 			 2123 			 1557 
1977 			 1966 			 1472 
1676 			 1683 			 1286 
1654 			 1657 			 1258 
829 			 842 			 738 

 Validation 
Labels predicted: 	 True targets: 	 Correct labels: 
191 			 263 			 50 
221 			 248 			 46 
242 			 251 			 75 
249 			 169 			 50 
233 			 237 			 58 
148 			 116 			 35 

 Epoch 69: 
Training 
Labels predicted: 	 True targets: 	 Correct labels: 
1992 			 1998 			 1494 
2141 			 2123 			 1557 
1977 			 1966 			 1472 
1676 			 1683 			 1286 
1654 			 1657 			 1258 
829 			 842 			 738 

 Validation 
Labels predicted: 	 True targets: 	 Correct labels: 
191 			 263 			 50 
221 			 248 			 46 
242 			 251 			 75 
249 			 169 			 50 
233 			 237 			 58 
148 			 116 			 35 

 Epoch 70: 
Training 
Labels predicted: 	 True targets: 	 Correct labels: 
1992 			 1998 			 1494 
2141 			 2123 			 1557 
1977 			 1966 			 1472 
1676 			 1683 			 1286 
1654 			 1657 			 1258 
829 			 842 			 738 

 Validation 
Labels predicted: 	 True targets: 	 Correct labels: 
191 			 263 			 50 
221 			 248 			 46 
242 			 251 			 75 
249 			 169 			 50 
233 			 237 			 58 
148 			 116 			 35 

 Epoch 71: 
Training 
Labels predicted: 	 True targets: 	 Correct labels: 
1992 			 1998 			 1494 
2141 			 2123 			 1557 
1977 			 1966 			 1472 
1676 			 1683 			 1286 
1654 			 1657 			 1258 
829 			 842 			 738 

 Validation 
Labels predicted: 	 True targets: 	 Correct labels: 
191 			 263 			 50 
221 			 248 			 46 
242 			 251 			 75 
249 			 169 			 50 
233 			 237 			 58 
148 			 116 			 35 

 Epoch 72: 
Training 
Labels predicted: 	 True targets: 	 Correct labels: 
1992 			 1998 			 1494 
2141 			 2123 			 1557 
1977 			 1966 			 1472 
1676 			 1683 			 1286 
1654 			 1657 			 1258 
829 			 842 			 738 

 Validation 
Labels predicted: 	 True targets: 	 Correct labels: 
191 			 263 			 50 
221 			 248 			 46 
242 			 251 			 75 
249 			 169 			 50 
233 			 237 			 58 
148 			 116 			 35 

 Epoch 73: 
Training 
Labels predicted: 	 True targets: 	 Correct labels: 
1992 			 1998 			 1494 
2141 			 2123 			 1557 
1977 			 1966 			 1472 
1676 			 1683 			 1286 
1654 			 1657 			 1258 
829 			 842 			 738 

 Validation 
Labels predicted: 	 True targets: 	 Correct labels: 
191 			 263 			 50 
221 			 248 			 46 
242 			 251 			 75 
249 			 169 			 50 
233 			 237 			 58 
148 			 116 			 35 

 Epoch 74: 
Training 
Labels predicted: 	 True targets: 	 Correct labels: 
1992 			 1998 			 1494 
2141 			 2123 			 1557 
1977 			 1966 			 1472 
1676 			 1683 			 1286 
1654 			 1657 			 1258 
829 			 842 			 738 

 Validation 
Labels predicted: 	 True targets: 	 Correct labels: 
191 			 263 			 50 
221 			 248 			 46 
242 			 251 			 75 
249 			 169 			 50 
233 			 237 			 58 
148 			 116 			 35 

 Epoch 75: 
Training 
Labels predicted: 	 True targets: 	 Correct labels: 
1992 			 1998 			 1494 
2141 			 2123 			 1557 
1977 			 1966 			 1472 
1676 			 1683 			 1286 
1654 			 1657 			 1258 
829 			 842 			 738 

 Validation 
Labels predicted: 	 True targets: 	 Correct labels: 
191 			 263 			 50 
221 			 248 			 46 
242 			 251 			 75 
249 			 169 			 50 
233 			 237 			 58 
148 			 116 			 35 

 Epoch 76: 
Training 
Labels predicted: 	 True targets: 	 Correct labels: 
1992 			 1998 			 1494 
2141 			 2123 			 1557 
1977 			 1966 			 1472 
1676 			 1683 			 1286 
1654 			 1657 			 1258 
829 			 842 			 738 

 Validation 
Labels predicted: 	 True targets: 	 Correct labels: 
191 			 263 			 50 
221 			 248 			 46 
242 			 251 			 75 
249 			 169 			 50 
233 			 237 			 58 
148 			 116 			 35 

 Epoch 77: 
Training 
Labels predicted: 	 True targets: 	 Correct labels: 
1992 			 1998 			 1494 
2141 			 2123 			 1557 
1977 			 1966 			 1472 
1676 			 1683 			 1286 
1654 			 1657 			 1258 
829 			 842 			 738 

 Validation 
Labels predicted: 	 True targets: 	 Correct labels: 
191 			 263 			 50 
221 			 248 			 46 
242 			 251 			 75 
249 			 169 			 50 
233 			 237 			 58 
148 			 116 			 35 

 Epoch 78: 
Training 
Labels predicted: 	 True targets: 	 Correct labels: 
1992 			 1998 			 1494 
2141 			 2123 			 1557 
1977 			 1966 			 1472 
1676 			 1683 			 1286 
1654 			 1657 			 1258 
829 			 842 			 738 

 Validation 
Labels predicted: 	 True targets: 	 Correct labels: 
191 			 263 			 50 
221 			 248 			 46 
242 			 251 			 75 
249 			 169 			 50 
233 			 237 			 58 
148 			 116 			 35 

 Epoch 79: 
Training 
Labels predicted: 	 True targets: 	 Correct labels: 
1992 			 1998 			 1494 
2141 			 2123 			 1557 
1977 			 1966 			 1472 
1676 			 1683 			 1286 
1654 			 1657 			 1258 
829 			 842 			 738 

 Validation 
Labels predicted: 	 True targets: 	 Correct labels: 
191 			 263 			 50 
221 			 248 			 46 
242 			 251 			 75 
249 			 169 			 50 
233 			 237 			 58 
148 			 116 			 35 

 Epoch 80: 
Training 
Labels predicted: 	 True targets: 	 Correct labels: 
1992 			 1998 			 1494 
2141 			 2123 			 1557 
1977 			 1966 			 1472 
1676 			 1683 			 1286 
1654 			 1657 			 1258 
829 			 842 			 738 

 Validation 
Labels predicted: 	 True targets: 	 Correct labels: 
191 			 263 			 50 
221 			 248 			 46 
242 			 251 			 75 
249 			 169 			 50 
233 			 237 			 58 
148 			 116 			 35 

 Epoch 81: 
Training 
Labels predicted: 	 True targets: 	 Correct labels: 
1992 			 1998 			 1494 
2141 			 2123 			 1557 
1977 			 1966 			 1472 
1676 			 1683 			 1286 
1654 			 1657 			 1258 
829 			 842 			 738 

 Validation 
Labels predicted: 	 True targets: 	 Correct labels: 
191 			 263 			 50 
221 			 248 			 46 
242 			 251 			 75 
249 			 169 			 50 
233 			 237 			 58 
148 			 116 			 35 

 Epoch 82: 
Training 
Labels predicted: 	 True targets: 	 Correct labels: 
1992 			 1998 			 1494 
2141 			 2123 			 1557 
1977 			 1966 			 1472 
1676 			 1683 			 1286 
1654 			 1657 			 1258 
829 			 842 			 738 

 Validation 
Labels predicted: 	 True targets: 	 Correct labels: 
191 			 263 			 50 
221 			 248 			 46 
242 			 251 			 75 
249 			 169 			 50 
233 			 237 			 58 
148 			 116 			 35 

 Epoch 83: 
Training 
Labels predicted: 	 True targets: 	 Correct labels: 
1992 			 1998 			 1494 
2141 			 2123 			 1557 
1977 			 1966 			 1472 
1676 			 1683 			 1286 
1654 			 1657 			 1258 
829 			 842 			 738 

 Validation 
Labels predicted: 	 True targets: 	 Correct labels: 
191 			 263 			 50 
221 			 248 			 46 
242 			 251 			 75 
249 			 169 			 50 
233 			 237 			 58 
148 			 116 			 35 

 Epoch 84: 
Training 
Labels predicted: 	 True targets: 	 Correct labels: 
1992 			 1998 			 1494 
2141 			 2123 			 1557 
1977 			 1966 			 1472 
1676 			 1683 			 1286 
1654 			 1657 			 1258 
829 			 842 			 738 

 Validation 
Labels predicted: 	 True targets: 	 Correct labels: 
191 			 263 			 50 
221 			 248 			 46 
242 			 251 			 75 
249 			 169 			 50 
233 			 237 			 58 
148 			 116 			 35 

 Epoch 85: 
Training 
Labels predicted: 	 True targets: 	 Correct labels: 
1992 			 1998 			 1494 
2141 			 2123 			 1557 
1977 			 1966 			 1472 
1676 			 1683 			 1286 
1654 			 1657 			 1258 
829 			 842 			 738 

 Validation 
Labels predicted: 	 True targets: 	 Correct labels: 
191 			 263 			 50 
221 			 248 			 46 
242 			 251 			 75 
249 			 169 			 50 
233 			 237 			 58 
148 			 116 			 35 

 Epoch 86: 
Training 
Labels predicted: 	 True targets: 	 Correct labels: 
1992 			 1998 			 1494 
2141 			 2123 			 1557 
1977 			 1966 			 1472 
1676 			 1683 			 1286 
1654 			 1657 			 1258 
829 			 842 			 738 

 Validation 
Labels predicted: 	 True targets: 	 Correct labels: 
191 			 263 			 50 
221 			 248 			 46 
242 			 251 			 75 
249 			 169 			 50 
233 			 237 			 58 
148 			 116 			 35 

 Epoch 87: 
Training 
Labels predicted: 	 True targets: 	 Correct labels: 
1992 			 1998 			 1494 
2141 			 2123 			 1557 
1977 			 1966 			 1472 
1676 			 1683 			 1286 
1654 			 1657 			 1258 
829 			 842 			 738 

 Validation 
Labels predicted: 	 True targets: 	 Correct labels: 
191 			 263 			 50 
221 			 248 			 46 
242 			 251 			 75 
249 			 169 			 50 
233 			 237 			 58 
148 			 116 			 35 

 Epoch 88: 
Training 
Labels predicted: 	 True targets: 	 Correct labels: 
1992 			 1998 			 1494 
2141 			 2123 			 1557 
1977 			 1966 			 1472 
1676 			 1683 			 1286 
1654 			 1657 			 1258 
829 			 842 			 738 

 Validation 
Labels predicted: 	 True targets: 	 Correct labels: 
191 			 263 			 50 
221 			 248 			 46 
242 			 251 			 75 
249 			 169 			 50 
233 			 237 			 58 
148 			 116 			 35 

 Epoch 89: 
Training 
Labels predicted: 	 True targets: 	 Correct labels: 
1992 			 1998 			 1494 
2141 			 2123 			 1557 
1977 			 1966 			 1472 
1676 			 1683 			 1286 
1654 			 1657 			 1258 
829 			 842 			 738 

 Validation 
Labels predicted: 	 True targets: 	 Correct labels: 
191 			 263 			 50 
221 			 248 			 46 
242 			 251 			 75 
249 			 169 			 50 
233 			 237 			 58 
148 			 116 			 35 

 Epoch 90: 
Training 
Labels predicted: 	 True targets: 	 Correct labels: 
1992 			 1998 			 1494 
2141 			 2123 			 1557 
1977 			 1966 			 1472 
1676 			 1683 			 1286 
1654 			 1657 			 1258 
829 			 842 			 738 

 Validation 
Labels predicted: 	 True targets: 	 Correct labels: 
191 			 263 			 50 
221 			 248 			 46 
242 			 251 			 75 
249 			 169 			 50 
233 			 237 			 58 
148 			 116 			 35 

 Epoch 91: 
Training 
Labels predicted: 	 True targets: 	 Correct labels: 
1992 			 1998 			 1494 
2141 			 2123 			 1557 
1977 			 1966 			 1472 
1676 			 1683 			 1286 
1654 			 1657 			 1258 
829 			 842 			 738 

 Validation 
Labels predicted: 	 True targets: 	 Correct labels: 
191 			 263 			 50 
221 			 248 			 46 
242 			 251 			 75 
249 			 169 			 50 
233 			 237 			 58 
148 			 116 			 35 

 Epoch 92: 
Training 
Labels predicted: 	 True targets: 	 Correct labels: 
1992 			 1998 			 1494 
2141 			 2123 			 1557 
1977 			 1966 			 1472 
1676 			 1683 			 1286 
1654 			 1657 			 1258 
829 			 842 			 738 

 Validation 
Labels predicted: 	 True targets: 	 Correct labels: 
191 			 263 			 50 
221 			 248 			 46 
242 			 251 			 75 
249 			 169 			 50 
233 			 237 			 58 
148 			 116 			 35 

 Epoch 93: 
Training 
Labels predicted: 	 True targets: 	 Correct labels: 
1992 			 1998 			 1494 
2141 			 2123 			 1557 
1977 			 1966 			 1472 
1676 			 1683 			 1286 
1654 			 1657 			 1258 
829 			 842 			 738 

 Validation 
Labels predicted: 	 True targets: 	 Correct labels: 
191 			 263 			 50 
221 			 248 			 46 
242 			 251 			 75 
249 			 169 			 50 
233 			 237 			 58 
148 			 116 			 35 

 Epoch 94: 
Training 
Labels predicted: 	 True targets: 	 Correct labels: 
1992 			 1998 			 1494 
2141 			 2123 			 1557 
1977 			 1966 			 1472 
1676 			 1683 			 1286 
1654 			 1657 			 1258 
829 			 842 			 738 

 Validation 
Labels predicted: 	 True targets: 	 Correct labels: 
191 			 263 			 50 
221 			 248 			 46 
242 			 251 			 75 
249 			 169 			 50 
233 			 237 			 58 
148 			 116 			 35 

 Epoch 95: 
Training 
Labels predicted: 	 True targets: 	 Correct labels: 
1992 			 1998 			 1494 
2141 			 2123 			 1557 
1977 			 1966 			 1472 
1676 			 1683 			 1286 
1654 			 1657 			 1258 
829 			 842 			 738 

 Validation 
Labels predicted: 	 True targets: 	 Correct labels: 
191 			 263 			 50 
221 			 248 			 46 
242 			 251 			 75 
249 			 169 			 50 
233 			 237 			 58 
148 			 116 			 35 

 Epoch 96: 
Training 
Labels predicted: 	 True targets: 	 Correct labels: 
1992 			 1998 			 1494 
2141 			 2123 			 1557 
1977 			 1966 			 1472 
1676 			 1683 			 1286 
1654 			 1657 			 1258 
829 			 842 			 738 

 Validation 
Labels predicted: 	 True targets: 	 Correct labels: 
191 			 263 			 50 
221 			 248 			 46 
242 			 251 			 75 
249 			 169 			 50 
233 			 237 			 58 
148 			 116 			 35 

 Epoch 97: 
Training 
Labels predicted: 	 True targets: 	 Correct labels: 
1992 			 1998 			 1494 
2141 			 2123 			 1557 
1977 			 1966 			 1472 
1676 			 1683 			 1286 
1654 			 1657 			 1258 
829 			 842 			 738 

 Validation 
Labels predicted: 	 True targets: 	 Correct labels: 
191 			 263 			 50 
221 			 248 			 46 
242 			 251 			 75 
249 			 169 			 50 
233 			 237 			 58 
148 			 116 			 35 

 Epoch 98: 
Training 
Labels predicted: 	 True targets: 	 Correct labels: 
1992 			 1998 			 1494 
2141 			 2123 			 1557 
1977 			 1966 			 1472 
1676 			 1683 			 1286 
1654 			 1657 			 1258 
829 			 842 			 738 

 Validation 
Labels predicted: 	 True targets: 	 Correct labels: 
191 			 263 			 50 
221 			 248 			 46 
242 			 251 			 75 
249 			 169 			 50 
233 			 237 			 58 
148 			 116 			 35 

 Epoch 99: 
Training 
Labels predicted: 	 True targets: 	 Correct labels: 
1992 			 1998 			 1494 
2141 			 2123 			 1557 
1977 			 1966 			 1472 
1676 			 1683 			 1286 
1654 			 1657 			 1258 
829 			 842 			 738 

 Validation 
Labels predicted: 	 True targets: 	 Correct labels: 
191 			 263 			 50 
221 			 248 			 46 
242 			 251 			 75 
249 			 169 			 50 
233 			 237 			 58 
148 			 116 			 35 

 Epoch 100: 
Training 
Labels predicted: 	 True targets: 	 Correct labels: 
1992 			 1998 			 1494 
2141 			 2123 			 1557 
1977 			 1966 			 1472 
1676 			 1683 			 1286 
1654 			 1657 			 1258 
829 			 842 			 738 

 Validation 
Labels predicted: 	 True targets: 	 Correct labels: 
191 			 263 			 50 
221 			 248 			 46 
242 			 251 			 75 
249 			 169 			 50 
233 			 237 			 58 
148 			 116 			 35 

 Epoch 101: 
Training 
Labels predicted: 	 True targets: 	 Correct labels: 
1992 			 1998 			 1494 
2141 			 2123 			 1557 
1977 			 1966 			 1472 
1676 			 1683 			 1286 
1654 			 1657 			 1258 
829 			 842 			 738 

 Validation 
Labels predicted: 	 True targets: 	 Correct labels: 
191 			 263 			 50 
221 			 248 			 46 
242 			 251 			 75 
249 			 169 			 50 
233 			 237 			 58 
148 			 116 			 35 

 Epoch 102: 
Training 
Labels predicted: 	 True targets: 	 Correct labels: 
1992 			 1998 			 1494 
2141 			 2123 			 1557 
1977 			 1966 			 1472 
1676 			 1683 			 1286 
1654 			 1657 			 1258 
829 			 842 			 738 

 Validation 
Labels predicted: 	 True targets: 	 Correct labels: 
191 			 263 			 50 
221 			 248 			 46 
242 			 251 			 75 
249 			 169 			 50 
233 			 237 			 58 
148 			 116 			 35 

 Epoch 103: 
Training 
Labels predicted: 	 True targets: 	 Correct labels: 
1992 			 1998 			 1494 
2141 			 2123 			 1557 
1977 			 1966 			 1472 
1676 			 1683 			 1286 
1654 			 1657 			 1258 
829 			 842 			 738 

 Validation 
Labels predicted: 	 True targets: 	 Correct labels: 
191 			 263 			 50 
221 			 248 			 46 
242 			 251 			 75 
249 			 169 			 50 
233 			 237 			 58 
148 			 116 			 35 

 Epoch 104: 
Training 
Labels predicted: 	 True targets: 	 Correct labels: 
1992 			 1998 			 1494 
2141 			 2123 			 1557 
1977 			 1966 			 1472 
1676 			 1683 			 1286 
1654 			 1657 			 1258 
829 			 842 			 738 

 Validation 
Labels predicted: 	 True targets: 	 Correct labels: 
191 			 263 			 50 
221 			 248 			 46 
242 			 251 			 75 
249 			 169 			 50 
233 			 237 			 58 
148 			 116 			 35 

 Epoch 105: 
Training 
Labels predicted: 	 True targets: 	 Correct labels: 
1992 			 1998 			 1494 
2141 			 2123 			 1557 
1977 			 1966 			 1472 
1676 			 1683 			 1286 
1654 			 1657 			 1258 
829 			 842 			 738 

 Validation 
Labels predicted: 	 True targets: 	 Correct labels: 
191 			 263 			 50 
221 			 248 			 46 
242 			 251 			 75 
249 			 169 			 50 
233 			 237 			 58 
148 			 116 			 35 

 Epoch 106: 
Training 
Labels predicted: 	 True targets: 	 Correct labels: 
1992 			 1998 			 1494 
2141 			 2123 			 1557 
1977 			 1966 			 1472 
1676 			 1683 			 1286 
1654 			 1657 			 1258 
829 			 842 			 738 

 Validation 
Labels predicted: 	 True targets: 	 Correct labels: 
191 			 263 			 50 
221 			 248 			 46 
242 			 251 			 75 
249 			 169 			 50 
233 			 237 			 58 
148 			 116 			 35 

 Epoch 107: 
Training 
Labels predicted: 	 True targets: 	 Correct labels: 
1992 			 1998 			 1494 
2141 			 2123 			 1557 
1977 			 1966 			 1472 
1676 			 1683 			 1286 
1654 			 1657 			 1258 
829 			 842 			 738 

 Validation 
Labels predicted: 	 True targets: 	 Correct labels: 
191 			 263 			 50 
221 			 248 			 46 
242 			 251 			 75 
249 			 169 			 50 
233 			 237 			 58 
148 			 116 			 35 

 Epoch 108: 
Training 
Labels predicted: 	 True targets: 	 Correct labels: 
1992 			 1998 			 1494 
2141 			 2123 			 1557 
1977 			 1966 			 1472 
1676 			 1683 			 1286 
1654 			 1657 			 1258 
829 			 842 			 738 

 Validation 
Labels predicted: 	 True targets: 	 Correct labels: 
191 			 263 			 50 
221 			 248 			 46 
242 			 251 			 75 
249 			 169 			 50 
233 			 237 			 58 
148 			 116 			 35 

 Epoch 109: 
Training 
Labels predicted: 	 True targets: 	 Correct labels: 
1992 			 1998 			 1494 
2141 			 2123 			 1557 
1977 			 1966 			 1472 
1676 			 1683 			 1286 
1654 			 1657 			 1258 
829 			 842 			 738 

 Validation 
Labels predicted: 	 True targets: 	 Correct labels: 
191 			 263 			 50 
221 			 248 			 46 
242 			 251 			 75 
249 			 169 			 50 
233 			 237 			 58 
148 			 116 			 35 

 Epoch 110: 
Training 
Labels predicted: 	 True targets: 	 Correct labels: 
1992 			 1998 			 1494 
2141 			 2123 			 1557 
1977 			 1966 			 1472 
1676 			 1683 			 1286 
1654 			 1657 			 1258 
829 			 842 			 738 

 Validation 
Labels predicted: 	 True targets: 	 Correct labels: 
191 			 263 			 50 
221 			 248 			 46 
242 			 251 			 75 
249 			 169 			 50 
233 			 237 			 58 
148 			 116 			 35 

 Epoch 111: 
Training 
Labels predicted: 	 True targets: 	 Correct labels: 
1992 			 1998 			 1494 
2141 			 2123 			 1557 
1977 			 1966 			 1472 
1676 			 1683 			 1286 
1654 			 1657 			 1258 
829 			 842 			 738 

 Validation 
Labels predicted: 	 True targets: 	 Correct labels: 
191 			 263 			 50 
221 			 248 			 46 
242 			 251 			 75 
249 			 169 			 50 
233 			 237 			 58 
148 			 116 			 35 

 Epoch 112: 
Training 
Labels predicted: 	 True targets: 	 Correct labels: 
1992 			 1998 			 1494 
2141 			 2123 			 1557 
1977 			 1966 			 1472 
1676 			 1683 			 1286 
1654 			 1657 			 1258 
829 			 842 			 738 

 Validation 
Labels predicted: 	 True targets: 	 Correct labels: 
191 			 263 			 50 
221 			 248 			 46 
242 			 251 			 75 
249 			 169 			 50 
233 			 237 			 58 
148 			 116 			 35 

 Epoch 113: 
Training 
Labels predicted: 	 True targets: 	 Correct labels: 
1992 			 1998 			 1494 
2141 			 2123 			 1557 
1977 			 1966 			 1472 
1676 			 1683 			 1286 
1654 			 1657 			 1258 
829 			 842 			 738 

 Validation 
Labels predicted: 	 True targets: 	 Correct labels: 
191 			 263 			 50 
221 			 248 			 46 
242 			 251 			 75 
249 			 169 			 50 
233 			 237 			 58 
148 			 116 			 35 

 Epoch 114: 
Training 
Labels predicted: 	 True targets: 	 Correct labels: 
1992 			 1998 			 1494 
2141 			 2123 			 1557 
1977 			 1966 			 1472 
1676 			 1683 			 1286 
1654 			 1657 			 1258 
829 			 842 			 738 

 Validation 
Labels predicted: 	 True targets: 	 Correct labels: 
191 			 263 			 50 
221 			 248 			 46 
242 			 251 			 75 
249 			 169 			 50 
233 			 237 			 58 
148 			 116 			 35 

 Epoch 115: 
Training 
Labels predicted: 	 True targets: 	 Correct labels: 
1992 			 1998 			 1494 
2141 			 2123 			 1557 
1977 			 1966 			 1472 
1676 			 1683 			 1286 
1654 			 1657 			 1258 
829 			 842 			 738 

 Validation 
Labels predicted: 	 True targets: 	 Correct labels: 
191 			 263 			 50 
221 			 248 			 46 
242 			 251 			 75 
249 			 169 			 50 
233 			 237 			 58 
148 			 116 			 35 

 Epoch 116: 
Training 
Labels predicted: 	 True targets: 	 Correct labels: 
1992 			 1998 			 1494 
2141 			 2123 			 1557 
1977 			 1966 			 1472 
1676 			 1683 			 1286 
1654 			 1657 			 1258 
829 			 842 			 738 

 Validation 
Labels predicted: 	 True targets: 	 Correct labels: 
191 			 263 			 50 
221 			 248 			 46 
242 			 251 			 75 
249 			 169 			 50 
233 			 237 			 58 
148 			 116 			 35 

 Epoch 117: 
Training 
Labels predicted: 	 True targets: 	 Correct labels: 
1992 			 1998 			 1494 
2141 			 2123 			 1557 
1977 			 1966 			 1472 
1676 			 1683 			 1286 
1654 			 1657 			 1258 
829 			 842 			 738 

 Validation 
Labels predicted: 	 True targets: 	 Correct labels: 
191 			 263 			 50 
221 			 248 			 46 
242 			 251 			 75 
249 			 169 			 50 
233 			 237 			 58 
148 			 116 			 35 

 Epoch 118: 
Training 
Labels predicted: 	 True targets: 	 Correct labels: 
1992 			 1998 			 1494 
2141 			 2123 			 1557 
1977 			 1966 			 1472 
1676 			 1683 			 1286 
1654 			 1657 			 1258 
829 			 842 			 738 

 Validation 
Labels predicted: 	 True targets: 	 Correct labels: 
191 			 263 			 50 
221 			 248 			 46 
242 			 251 			 75 
249 			 169 			 50 
233 			 237 			 58 
148 			 116 			 35 

 Epoch 119: 
Training 
Labels predicted: 	 True targets: 	 Correct labels: 
1992 			 1998 			 1494 
2141 			 2123 			 1557 
1977 			 1966 			 1472 
1676 			 1683 			 1286 
1654 			 1657 			 1258 
829 			 842 			 738 

 Validation 
Labels predicted: 	 True targets: 	 Correct labels: 
191 			 263 			 50 
221 			 248 			 46 
242 			 251 			 75 
249 			 169 			 50 
233 			 237 			 58 
148 			 116 			 35 

 Epoch 120: 
Training 
Labels predicted: 	 True targets: 	 Correct labels: 
1992 			 1998 			 1494 
2141 			 2123 			 1557 
1977 			 1966 			 1472 
1676 			 1683 			 1286 
1654 			 1657 			 1258 
829 			 842 			 738 

 Validation 
Labels predicted: 	 True targets: 	 Correct labels: 
191 			 263 			 50 
221 			 248 			 46 
242 			 251 			 75 
249 			 169 			 50 
233 			 237 			 58 
148 			 116 			 35 

 Epoch 121: 
Training 
Labels predicted: 	 True targets: 	 Correct labels: 
1992 			 1998 			 1494 
2141 			 2123 			 1557 
1977 			 1966 			 1472 
1676 			 1683 			 1286 
1654 			 1657 			 1258 
829 			 842 			 738 

 Validation 
Labels predicted: 	 True targets: 	 Correct labels: 
191 			 263 			 50 
221 			 248 			 46 
242 			 251 			 75 
249 			 169 			 50 
233 			 237 			 58 
148 			 116 			 35 

 Epoch 122: 
Training 
Labels predicted: 	 True targets: 	 Correct labels: 
1992 			 1998 			 1494 
2141 			 2123 			 1557 
1977 			 1966 			 1472 
1676 			 1683 			 1286 
1654 			 1657 			 1258 
829 			 842 			 738 

 Validation 
Labels predicted: 	 True targets: 	 Correct labels: 
191 			 263 			 50 
221 			 248 			 46 
242 			 251 			 75 
249 			 169 			 50 
233 			 237 			 58 
148 			 116 			 35 

 Epoch 123: 
Training 
Labels predicted: 	 True targets: 	 Correct labels: 
1992 			 1998 			 1494 
2141 			 2123 			 1557 
1977 			 1966 			 1472 
1676 			 1683 			 1286 
1654 			 1657 			 1258 
829 			 842 			 738 

 Validation 
Labels predicted: 	 True targets: 	 Correct labels: 
191 			 263 			 50 
221 			 248 			 46 
242 			 251 			 75 
249 			 169 			 50 
233 			 237 			 58 
148 			 116 			 35 

 Epoch 124: 
Training 
Labels predicted: 	 True targets: 	 Correct labels: 
1992 			 1998 			 1494 
2141 			 2123 			 1557 
1977 			 1966 			 1472 
1676 			 1683 			 1286 
1654 			 1657 			 1258 
829 			 842 			 738 

 Validation 
Labels predicted: 	 True targets: 	 Correct labels: 
191 			 263 			 50 
221 			 248 			 46 
242 			 251 			 75 
249 			 169 			 50 
233 			 237 			 58 
148 			 116 			 35 

 Epoch 125: 
Training 
Labels predicted: 	 True targets: 	 Correct labels: 
1992 			 1998 			 1494 
2141 			 2123 			 1557 
1977 			 1966 			 1472 
1676 			 1683 			 1286 
1654 			 1657 			 1258 
829 			 842 			 738 

 Validation 
Labels predicted: 	 True targets: 	 Correct labels: 
191 			 263 			 50 
221 			 248 			 46 
242 			 251 			 75 
249 			 169 			 50 
233 			 237 			 58 
148 			 116 			 35 

 Epoch 126: 
Training 
Labels predicted: 	 True targets: 	 Correct labels: 
1992 			 1998 			 1494 
2141 			 2123 			 1557 
1977 			 1966 			 1472 
1676 			 1683 			 1286 
1654 			 1657 			 1258 
829 			 842 			 738 

 Validation 
Labels predicted: 	 True targets: 	 Correct labels: 
191 			 263 			 50 
221 			 248 			 46 
242 			 251 			 75 
249 			 169 			 50 
233 			 237 			 58 
148 			 116 			 35 

 Epoch 127: 
Training 
Labels predicted: 	 True targets: 	 Correct labels: 
1992 			 1998 			 1494 
2141 			 2123 			 1557 
1977 			 1966 			 1472 
1676 			 1683 			 1286 
1654 			 1657 			 1258 
829 			 842 			 738 

 Validation 
Labels predicted: 	 True targets: 	 Correct labels: 
191 			 263 			 50 
221 			 248 			 46 
242 			 251 			 75 
249 			 169 			 50 
233 			 237 			 58 
148 			 116 			 35 

 Epoch 128: 
Training 
Labels predicted: 	 True targets: 	 Correct labels: 
1992 			 1998 			 1494 
2141 			 2123 			 1557 
1977 			 1966 			 1472 
1676 			 1683 			 1286 
1654 			 1657 			 1258 
829 			 842 			 738 

 Validation 
Labels predicted: 	 True targets: 	 Correct labels: 
191 			 263 			 50 
221 			 248 			 46 
242 			 251 			 75 
249 			 169 			 50 
233 			 237 			 58 
148 			 116 			 35 

 Epoch 129: 
Training 
Labels predicted: 	 True targets: 	 Correct labels: 
1992 			 1998 			 1494 
2141 			 2123 			 1557 
1977 			 1966 			 1472 
1676 			 1683 			 1286 
1654 			 1657 			 1258 
829 			 842 			 738 

 Validation 
Labels predicted: 	 True targets: 	 Correct labels: 
191 			 263 			 50 
221 			 248 			 46 
242 			 251 			 75 
249 			 169 			 50 
233 			 237 			 58 
148 			 116 			 35 

 Epoch 130: 
Training 
Labels predicted: 	 True targets: 	 Correct labels: 
1992 			 1998 			 1494 
2141 			 2123 			 1557 
1977 			 1966 			 1472 
1676 			 1683 			 1286 
1654 			 1657 			 1258 
829 			 842 			 738 

 Validation 
Labels predicted: 	 True targets: 	 Correct labels: 
191 			 263 			 50 
221 			 248 			 46 
242 			 251 			 75 
249 			 169 			 50 
233 			 237 			 58 
148 			 116 			 35 

 Epoch 131: 
Training 
Labels predicted: 	 True targets: 	 Correct labels: 
1992 			 1998 			 1494 
2141 			 2123 			 1557 
1977 			 1966 			 1472 
1676 			 1683 			 1286 
1654 			 1657 			 1258 
829 			 842 			 738 

 Validation 
Labels predicted: 	 True targets: 	 Correct labels: 
191 			 263 			 50 
221 			 248 			 46 
242 			 251 			 75 
249 			 169 			 50 
233 			 237 			 58 
148 			 116 			 35 

 Epoch 132: 
Training 
Labels predicted: 	 True targets: 	 Correct labels: 
1992 			 1998 			 1494 
2141 			 2123 			 1557 
1977 			 1966 			 1472 
1676 			 1683 			 1286 
1654 			 1657 			 1258 
829 			 842 			 738 

 Validation 
Labels predicted: 	 True targets: 	 Correct labels: 
191 			 263 			 50 
221 			 248 			 46 
242 			 251 			 75 
249 			 169 			 50 
233 			 237 			 58 
148 			 116 			 35 

 Epoch 133: 
Training 
Labels predicted: 	 True targets: 	 Correct labels: 
1992 			 1998 			 1494 
2141 			 2123 			 1557 
1977 			 1966 			 1472 
1676 			 1683 			 1286 
1654 			 1657 			 1258 
829 			 842 			 738 

 Validation 
Labels predicted: 	 True targets: 	 Correct labels: 
191 			 263 			 50 
221 			 248 			 46 
242 			 251 			 75 
249 			 169 			 50 
233 			 237 			 58 
148 			 116 			 35 

 Epoch 134: 
Training 
Labels predicted: 	 True targets: 	 Correct labels: 
1992 			 1998 			 1494 
2141 			 2123 			 1557 
1977 			 1966 			 1472 
1676 			 1683 			 1286 
1654 			 1657 			 1258 
829 			 842 			 738 

 Validation 
Labels predicted: 	 True targets: 	 Correct labels: 
191 			 263 			 50 
221 			 248 			 46 
242 			 251 			 75 
249 			 169 			 50 
233 			 237 			 58 
148 			 116 			 35 

 Epoch 135: 
Training 
Labels predicted: 	 True targets: 	 Correct labels: 
1992 			 1998 			 1494 
2141 			 2123 			 1557 
1977 			 1966 			 1472 
1676 			 1683 			 1286 
1654 			 1657 			 1258 
829 			 842 			 738 

 Validation 
Labels predicted: 	 True targets: 	 Correct labels: 
191 			 263 			 50 
221 			 248 			 46 
242 			 251 			 75 
249 			 169 			 50 
233 			 237 			 58 
148 			 116 			 35 

 Epoch 136: 
Training 
Labels predicted: 	 True targets: 	 Correct labels: 
1992 			 1998 			 1494 
2141 			 2123 			 1557 
1977 			 1966 			 1472 
1676 			 1683 			 1286 
1654 			 1657 			 1258 
829 			 842 			 738 

 Validation 
Labels predicted: 	 True targets: 	 Correct labels: 
191 			 263 			 50 
221 			 248 			 46 
242 			 251 			 75 
249 			 169 			 50 
233 			 237 			 58 
148 			 116 			 35 

 Epoch 137: 
Training 
Labels predicted: 	 True targets: 	 Correct labels: 
1992 			 1998 			 1494 
2141 			 2123 			 1557 
1977 			 1966 			 1472 
1676 			 1683 			 1286 
1654 			 1657 			 1258 
829 			 842 			 738 

 Validation 
Labels predicted: 	 True targets: 	 Correct labels: 
191 			 263 			 50 
221 			 248 			 46 
242 			 251 			 75 
249 			 169 			 50 
233 			 237 			 58 
148 			 116 			 35 

 Epoch 138: 
Training 
Labels predicted: 	 True targets: 	 Correct labels: 
1992 			 1998 			 1494 
2141 			 2123 			 1557 
1977 			 1966 			 1472 
1676 			 1683 			 1286 
1654 			 1657 			 1258 
829 			 842 			 738 

 Validation 
Labels predicted: 	 True targets: 	 Correct labels: 
191 			 263 			 50 
221 			 248 			 46 
242 			 251 			 75 
249 			 169 			 50 
233 			 237 			 58 
148 			 116 			 35 

 Epoch 139: 
Training 
Labels predicted: 	 True targets: 	 Correct labels: 
1992 			 1998 			 1494 
2141 			 2123 			 1557 
1977 			 1966 			 1472 
1676 			 1683 			 1286 
1654 			 1657 			 1258 
829 			 842 			 738 

 Validation 
Labels predicted: 	 True targets: 	 Correct labels: 
191 			 263 			 50 
221 			 248 			 46 
242 			 251 			 75 
249 			 169 			 50 
233 			 237 			 58 
148 			 116 			 35 

 Epoch 140: 
Training 
Labels predicted: 	 True targets: 	 Correct labels: 
1992 			 1998 			 1494 
2141 			 2123 			 1557 
1977 			 1966 			 1472 
1676 			 1683 			 1286 
1654 			 1657 			 1258 
829 			 842 			 738 

 Validation 
Labels predicted: 	 True targets: 	 Correct labels: 
191 			 263 			 50 
221 			 248 			 46 
242 			 251 			 75 
249 			 169 			 50 
233 			 237 			 58 
148 			 116 			 35 

 Epoch 141: 
Training 
Labels predicted: 	 True targets: 	 Correct labels: 
1992 			 1998 			 1494 
2141 			 2123 			 1557 
1977 			 1966 			 1472 
1676 			 1683 			 1286 
1654 			 1657 			 1258 
829 			 842 			 738 

 Validation 
Labels predicted: 	 True targets: 	 Correct labels: 
191 			 263 			 50 
221 			 248 			 46 
242 			 251 			 75 
249 			 169 			 50 
233 			 237 			 58 
148 			 116 			 35 

 Epoch 142: 
Training 
Labels predicted: 	 True targets: 	 Correct labels: 
1992 			 1998 			 1494 
2141 			 2123 			 1557 
1977 			 1966 			 1472 
1676 			 1683 			 1286 
1654 			 1657 			 1258 
829 			 842 			 738 

 Validation 
Labels predicted: 	 True targets: 	 Correct labels: 
191 			 263 			 50 
221 			 248 			 46 
242 			 251 			 75 
249 			 169 			 50 
233 			 237 			 58 
148 			 116 			 35 

 Epoch 143: 
Training 
Labels predicted: 	 True targets: 	 Correct labels: 
1992 			 1998 			 1494 
2141 			 2123 			 1557 
1977 			 1966 			 1472 
1676 			 1683 			 1286 
1654 			 1657 			 1258 
829 			 842 			 738 

 Validation 
Labels predicted: 	 True targets: 	 Correct labels: 
191 			 263 			 50 
221 			 248 			 46 
242 			 251 			 75 
249 			 169 			 50 
233 			 237 			 58 
148 			 116 			 35 

 Epoch 144: 
Training 
Labels predicted: 	 True targets: 	 Correct labels: 
1992 			 1998 			 1494 
2141 			 2123 			 1557 
1977 			 1966 			 1472 
1676 			 1683 			 1286 
1654 			 1657 			 1258 
829 			 842 			 738 

 Validation 
Labels predicted: 	 True targets: 	 Correct labels: 
191 			 263 			 50 
221 			 248 			 46 
242 			 251 			 75 
249 			 169 			 50 
233 			 237 			 58 
148 			 116 			 35 

 Epoch 145: 
Training 
Labels predicted: 	 True targets: 	 Correct labels: 
1992 			 1998 			 1494 
2141 			 2123 			 1557 
1977 			 1966 			 1472 
1676 			 1683 			 1286 
1654 			 1657 			 1258 
829 			 842 			 738 

 Validation 
Labels predicted: 	 True targets: 	 Correct labels: 
191 			 263 			 50 
221 			 248 			 46 
242 			 251 			 75 
249 			 169 			 50 
233 			 237 			 58 
148 			 116 			 35 

 Epoch 146: 
Training 
Labels predicted: 	 True targets: 	 Correct labels: 
1992 			 1998 			 1494 
2141 			 2123 			 1557 
1977 			 1966 			 1472 
1676 			 1683 			 1286 
1654 			 1657 			 1258 
829 			 842 			 738 

 Validation 
Labels predicted: 	 True targets: 	 Correct labels: 
191 			 263 			 50 
221 			 248 			 46 
242 			 251 			 75 
249 			 169 			 50 
233 			 237 			 58 
148 			 116 			 35 

 Epoch 147: 
Training 
Labels predicted: 	 True targets: 	 Correct labels: 
1992 			 1998 			 1494 
2141 			 2123 			 1557 
1977 			 1966 			 1472 
1676 			 1683 			 1286 
1654 			 1657 			 1258 
829 			 842 			 738 

 Validation 
Labels predicted: 	 True targets: 	 Correct labels: 
191 			 263 			 50 
221 			 248 			 46 
242 			 251 			 75 
249 			 169 			 50 
233 			 237 			 58 
148 			 116 			 35 

 Epoch 148: 
Training 
Labels predicted: 	 True targets: 	 Correct labels: 
1992 			 1998 			 1494 
2141 			 2123 			 1557 
1977 			 1966 			 1472 
1676 			 1683 			 1286 
1654 			 1657 			 1258 
829 			 842 			 738 

 Validation 
Labels predicted: 	 True targets: 	 Correct labels: 
191 			 263 			 50 
221 			 248 			 46 
242 			 251 			 75 
249 			 169 			 50 
233 			 237 			 58 
148 			 116 			 35 

 Epoch 149: 
Training 
Labels predicted: 	 True targets: 	 Correct labels: 
1992 			 1998 			 1494 
2141 			 2123 			 1557 
1977 			 1966 			 1472 
1676 			 1683 			 1286 
1654 			 1657 			 1258 
829 			 842 			 738 

 Validation 
Labels predicted: 	 True targets: 	 Correct labels: 
191 			 263 			 50 
221 			 248 			 46 
242 			 251 			 75 
249 			 169 			 50 
233 			 237 			 58 
148 			 116 			 35 

 Epoch 150: 
Training 
Labels predicted: 	 True targets: 	 Correct labels: 
1992 			 1998 			 1494 
2141 			 2123 			 1557 
1977 			 1966 			 1472 
1676 			 1683 			 1286 
1654 			 1657 			 1258 
829 			 842 			 738 

 Validation 
Labels predicted: 	 True targets: 	 Correct labels: 
191 			 263 			 50 
221 			 248 			 46 
242 			 251 			 75 
249 			 169 			 50 
233 			 237 			 58 
148 			 116 			 35 

 Epoch 151: 
Training 
Labels predicted: 	 True targets: 	 Correct labels: 
1992 			 1998 			 1494 
2141 			 2123 			 1557 
1977 			 1966 			 1472 
1676 			 1683 			 1286 
1654 			 1657 			 1258 
829 			 842 			 738 

 Validation 
Labels predicted: 	 True targets: 	 Correct labels: 
191 			 263 			 50 
221 			 248 			 46 
242 			 251 			 75 
249 			 169 			 50 
233 			 237 			 58 
148 			 116 			 35 

 Epoch 152: 
Training 
Labels predicted: 	 True targets: 	 Correct labels: 
1992 			 1998 			 1494 
2141 			 2123 			 1557 
1977 			 1966 			 1472 
1676 			 1683 			 1286 
1654 			 1657 			 1258 
829 			 842 			 738 

 Validation 
Labels predicted: 	 True targets: 	 Correct labels: 
191 			 263 			 50 
221 			 248 			 46 
242 			 251 			 75 
249 			 169 			 50 
233 			 237 			 58 
148 			 116 			 35 

 Epoch 153: 
Training 
Labels predicted: 	 True targets: 	 Correct labels: 
1992 			 1998 			 1494 
2141 			 2123 			 1557 
1977 			 1966 			 1472 
1676 			 1683 			 1286 
1654 			 1657 			 1258 
829 			 842 			 738 

 Validation 
Labels predicted: 	 True targets: 	 Correct labels: 
191 			 263 			 50 
221 			 248 			 46 
242 			 251 			 75 
249 			 169 			 50 
233 			 237 			 58 
148 			 116 			 35 

 Epoch 154: 
Training 
Labels predicted: 	 True targets: 	 Correct labels: 
1992 			 1998 			 1494 
2141 			 2123 			 1557 
1977 			 1966 			 1472 
1676 			 1683 			 1286 
1654 			 1657 			 1258 
829 			 842 			 738 

 Validation 
Labels predicted: 	 True targets: 	 Correct labels: 
191 			 263 			 50 
221 			 248 			 46 
242 			 251 			 75 
249 			 169 			 50 
233 			 237 			 58 
148 			 116 			 35 

 Epoch 155: 
Training 
Labels predicted: 	 True targets: 	 Correct labels: 
1992 			 1998 			 1494 
2141 			 2123 			 1557 
1977 			 1966 			 1472 
1676 			 1683 			 1286 
1654 			 1657 			 1258 
829 			 842 			 738 

 Validation 
Labels predicted: 	 True targets: 	 Correct labels: 
191 			 263 			 50 
221 			 248 			 46 
242 			 251 			 75 
249 			 169 			 50 
233 			 237 			 58 
148 			 116 			 35 

 Epoch 156: 
Training 
Labels predicted: 	 True targets: 	 Correct labels: 
1992 			 1998 			 1494 
2141 			 2123 			 1557 
1977 			 1966 			 1472 
1676 			 1683 			 1286 
1654 			 1657 			 1258 
829 			 842 			 738 

 Validation 
Labels predicted: 	 True targets: 	 Correct labels: 
191 			 263 			 50 
221 			 248 			 46 
242 			 251 			 75 
249 			 169 			 50 
233 			 237 			 58 
148 			 116 			 35 

 Epoch 157: 
Training 
Labels predicted: 	 True targets: 	 Correct labels: 
1992 			 1998 			 1494 
2141 			 2123 			 1557 
1977 			 1966 			 1472 
1676 			 1683 			 1286 
1654 			 1657 			 1258 
829 			 842 			 738 

 Validation 
Labels predicted: 	 True targets: 	 Correct labels: 
191 			 263 			 50 
221 			 248 			 46 
242 			 251 			 75 
249 			 169 			 50 
233 			 237 			 58 
148 			 116 			 35 

 Epoch 158: 
Training 
Labels predicted: 	 True targets: 	 Correct labels: 
1992 			 1998 			 1494 
2141 			 2123 			 1557 
1977 			 1966 			 1472 
1676 			 1683 			 1286 
1654 			 1657 			 1258 
829 			 842 			 738 

 Validation 
Labels predicted: 	 True targets: 	 Correct labels: 
191 			 263 			 50 
221 			 248 			 46 
242 			 251 			 75 
249 			 169 			 50 
233 			 237 			 58 
148 			 116 			 35 

 Epoch 159: 
Training 
Labels predicted: 	 True targets: 	 Correct labels: 
1992 			 1998 			 1494 
2141 			 2123 			 1557 
1977 			 1966 			 1472 
1676 			 1683 			 1286 
1654 			 1657 			 1258 
829 			 842 			 738 

 Validation 
Labels predicted: 	 True targets: 	 Correct labels: 
191 			 263 			 50 
221 			 248 			 46 
242 			 251 			 75 
249 			 169 			 50 
233 			 237 			 58 
148 			 116 			 35 

 Epoch 160: 
Training 
Labels predicted: 	 True targets: 	 Correct labels: 
1992 			 1998 			 1494 
2141 			 2123 			 1557 
1977 			 1966 			 1472 
1676 			 1683 			 1286 
1654 			 1657 			 1258 
829 			 842 			 738 

 Validation 
Labels predicted: 	 True targets: 	 Correct labels: 
191 			 263 			 50 
221 			 248 			 46 
242 			 251 			 75 
249 			 169 			 50 
233 			 237 			 58 
148 			 116 			 35 

 Epoch 161: 
Training 
Labels predicted: 	 True targets: 	 Correct labels: 
1992 			 1998 			 1494 
2141 			 2123 			 1557 
1977 			 1966 			 1472 
1676 			 1683 			 1286 
1654 			 1657 			 1258 
829 			 842 			 738 

 Validation 
Labels predicted: 	 True targets: 	 Correct labels: 
191 			 263 			 50 
221 			 248 			 46 
242 			 251 			 75 
249 			 169 			 50 
233 			 237 			 58 
148 			 116 			 35 

 Epoch 162: 
Training 
Labels predicted: 	 True targets: 	 Correct labels: 
1992 			 1998 			 1494 
2141 			 2123 			 1557 
1977 			 1966 			 1472 
1676 			 1683 			 1286 
1654 			 1657 			 1258 
829 			 842 			 738 

 Validation 
Labels predicted: 	 True targets: 	 Correct labels: 
191 			 263 			 50 
221 			 248 			 46 
242 			 251 			 75 
249 			 169 			 50 
233 			 237 			 58 
148 			 116 			 35 

 Epoch 163: 
Training 
Labels predicted: 	 True targets: 	 Correct labels: 
1992 			 1998 			 1494 
2141 			 2123 			 1557 
1977 			 1966 			 1472 
1676 			 1683 			 1286 
1654 			 1657 			 1258 
829 			 842 			 738 

 Validation 
Labels predicted: 	 True targets: 	 Correct labels: 
191 			 263 			 50 
221 			 248 			 46 
242 			 251 			 75 
249 			 169 			 50 
233 			 237 			 58 
148 			 116 			 35 

 Epoch 164: 
Training 
Labels predicted: 	 True targets: 	 Correct labels: 
1992 			 1998 			 1494 
2141 			 2123 			 1557 
1977 			 1966 			 1472 
1676 			 1683 			 1286 
1654 			 1657 			 1258 
829 			 842 			 738 

 Validation 
Labels predicted: 	 True targets: 	 Correct labels: 
191 			 263 			 50 
221 			 248 			 46 
242 			 251 			 75 
249 			 169 			 50 
233 			 237 			 58 
148 			 116 			 35 

 Epoch 165: 
Training 
Labels predicted: 	 True targets: 	 Correct labels: 
1992 			 1998 			 1494 
2141 			 2123 			 1557 
1977 			 1966 			 1472 
1676 			 1683 			 1286 
1654 			 1657 			 1258 
829 			 842 			 738 

 Validation 
Labels predicted: 	 True targets: 	 Correct labels: 
191 			 263 			 50 
221 			 248 			 46 
242 			 251 			 75 
249 			 169 			 50 
233 			 237 			 58 
148 			 116 			 35 

 Epoch 166: 
Training 
Labels predicted: 	 True targets: 	 Correct labels: 
1992 			 1998 			 1494 
2141 			 2123 			 1557 
1977 			 1966 			 1472 
1676 			 1683 			 1286 
1654 			 1657 			 1258 
829 			 842 			 738 

 Validation 
Labels predicted: 	 True targets: 	 Correct labels: 
191 			 263 			 50 
221 			 248 			 46 
242 			 251 			 75 
249 			 169 			 50 
233 			 237 			 58 
148 			 116 			 35 

 Epoch 167: 
Training 
Labels predicted: 	 True targets: 	 Correct labels: 
1992 			 1998 			 1494 
2141 			 2123 			 1557 
1977 			 1966 			 1472 
1676 			 1683 			 1286 
1654 			 1657 			 1258 
829 			 842 			 738 

 Validation 
Labels predicted: 	 True targets: 	 Correct labels: 
191 			 263 			 50 
221 			 248 			 46 
242 			 251 			 75 
249 			 169 			 50 
233 			 237 			 58 
148 			 116 			 35 

 Epoch 168: 
Training 
Labels predicted: 	 True targets: 	 Correct labels: 
1992 			 1998 			 1494 
2141 			 2123 			 1557 
1977 			 1966 			 1472 
1676 			 1683 			 1286 
1654 			 1657 			 1258 
829 			 842 			 738 

 Validation 
Labels predicted: 	 True targets: 	 Correct labels: 
191 			 263 			 50 
221 			 248 			 46 
242 			 251 			 75 
249 			 169 			 50 
233 			 237 			 58 
148 			 116 			 35 

 Epoch 169: 
Training 
Labels predicted: 	 True targets: 	 Correct labels: 
1992 			 1998 			 1494 
2141 			 2123 			 1557 
1977 			 1966 			 1472 
1676 			 1683 			 1286 
1654 			 1657 			 1258 
829 			 842 			 738 

 Validation 
Labels predicted: 	 True targets: 	 Correct labels: 
191 			 263 			 50 
221 			 248 			 46 
242 			 251 			 75 
249 			 169 			 50 
233 			 237 			 58 
148 			 116 			 35 

 Epoch 170: 
Training 
Labels predicted: 	 True targets: 	 Correct labels: 
1992 			 1998 			 1494 
2141 			 2123 			 1557 
1977 			 1966 			 1472 
1676 			 1683 			 1286 
1654 			 1657 			 1258 
829 			 842 			 738 

 Validation 
Labels predicted: 	 True targets: 	 Correct labels: 
191 			 263 			 50 
221 			 248 			 46 
242 			 251 			 75 
249 			 169 			 50 
233 			 237 			 58 
148 			 116 			 35 

 Epoch 171: 
Training 
Labels predicted: 	 True targets: 	 Correct labels: 
1992 			 1998 			 1494 
2141 			 2123 			 1557 
1977 			 1966 			 1472 
1676 			 1683 			 1286 
1654 			 1657 			 1258 
829 			 842 			 738 

 Validation 
Labels predicted: 	 True targets: 	 Correct labels: 
191 			 263 			 50 
221 			 248 			 46 
242 			 251 			 75 
249 			 169 			 50 
233 			 237 			 58 
148 			 116 			 35 

 Epoch 172: 
Training 
Labels predicted: 	 True targets: 	 Correct labels: 
1992 			 1998 			 1494 
2141 			 2123 			 1557 
1977 			 1966 			 1472 
1676 			 1683 			 1286 
1654 			 1657 			 1258 
829 			 842 			 738 

 Validation 
Labels predicted: 	 True targets: 	 Correct labels: 
191 			 263 			 50 
221 			 248 			 46 
242 			 251 			 75 
249 			 169 			 50 
233 			 237 			 58 
148 			 116 			 35 

 Epoch 173: 
Training 
Labels predicted: 	 True targets: 	 Correct labels: 
1992 			 1998 			 1494 
2141 			 2123 			 1557 
1977 			 1966 			 1472 
1676 			 1683 			 1286 
1654 			 1657 			 1258 
829 			 842 			 738 

 Validation 
Labels predicted: 	 True targets: 	 Correct labels: 
191 			 263 			 50 
221 			 248 			 46 
242 			 251 			 75 
249 			 169 			 50 
233 			 237 			 58 
148 			 116 			 35 

 Epoch 174: 
Training 
Labels predicted: 	 True targets: 	 Correct labels: 
1992 			 1998 			 1494 
2141 			 2123 			 1557 
1977 			 1966 			 1472 
1676 			 1683 			 1286 
1654 			 1657 			 1258 
829 			 842 			 738 

 Validation 
Labels predicted: 	 True targets: 	 Correct labels: 
191 			 263 			 50 
221 			 248 			 46 
242 			 251 			 75 
249 			 169 			 50 
233 			 237 			 58 
148 			 116 			 35 

 Epoch 175: 
Training 
Labels predicted: 	 True targets: 	 Correct labels: 
1992 			 1998 			 1494 
2141 			 2123 			 1557 
1977 			 1966 			 1472 
1676 			 1683 			 1286 
1654 			 1657 			 1258 
829 			 842 			 738 

 Validation 
Labels predicted: 	 True targets: 	 Correct labels: 
191 			 263 			 50 
221 			 248 			 46 
242 			 251 			 75 
249 			 169 			 50 
233 			 237 			 58 
148 			 116 			 35 

 Epoch 176: 
Training 
Labels predicted: 	 True targets: 	 Correct labels: 
1992 			 1998 			 1494 
2141 			 2123 			 1557 
1977 			 1966 			 1472 
1676 			 1683 			 1286 
1654 			 1657 			 1258 
829 			 842 			 738 

 Validation 
Labels predicted: 	 True targets: 	 Correct labels: 
191 			 263 			 50 
221 			 248 			 46 
242 			 251 			 75 
249 			 169 			 50 
233 			 237 			 58 
148 			 116 			 35 

 Epoch 177: 
Training 
Labels predicted: 	 True targets: 	 Correct labels: 
1992 			 1998 			 1494 
2141 			 2123 			 1557 
1977 			 1966 			 1472 
1676 			 1683 			 1286 
1654 			 1657 			 1258 
829 			 842 			 738 

 Validation 
Labels predicted: 	 True targets: 	 Correct labels: 
191 			 263 			 50 
221 			 248 			 46 
242 			 251 			 75 
249 			 169 			 50 
233 			 237 			 58 
148 			 116 			 35 

 Epoch 178: 
Training 
Labels predicted: 	 True targets: 	 Correct labels: 
1992 			 1998 			 1494 
2141 			 2123 			 1557 
1977 			 1966 			 1472 
1676 			 1683 			 1286 
1654 			 1657 			 1258 
829 			 842 			 738 

 Validation 
Labels predicted: 	 True targets: 	 Correct labels: 
191 			 263 			 50 
221 			 248 			 46 
242 			 251 			 75 
249 			 169 			 50 
233 			 237 			 58 
148 			 116 			 35 

 Epoch 179: 
Training 
Labels predicted: 	 True targets: 	 Correct labels: 
1992 			 1998 			 1494 
2141 			 2123 			 1557 
1977 			 1966 			 1472 
1676 			 1683 			 1286 
1654 			 1657 			 1258 
829 			 842 			 738 

 Validation 
Labels predicted: 	 True targets: 	 Correct labels: 
191 			 263 			 50 
221 			 248 			 46 
242 			 251 			 75 
249 			 169 			 50 
233 			 237 			 58 
148 			 116 			 35 

 Epoch 180: 
Training 
Labels predicted: 	 True targets: 	 Correct labels: 
1992 			 1998 			 1494 
2141 			 2123 			 1557 
1977 			 1966 			 1472 
1676 			 1683 			 1286 
1654 			 1657 			 1258 
829 			 842 			 738 

 Validation 
Labels predicted: 	 True targets: 	 Correct labels: 
191 			 263 			 50 
221 			 248 			 46 
242 			 251 			 75 
249 			 169 			 50 
233 			 237 			 58 
148 			 116 			 35 

 Epoch 181: 
Training 
Labels predicted: 	 True targets: 	 Correct labels: 
1992 			 1998 			 1494 
2141 			 2123 			 1557 
1977 			 1966 			 1472 
1676 			 1683 			 1286 
1654 			 1657 			 1258 
829 			 842 			 738 

 Validation 
Labels predicted: 	 True targets: 	 Correct labels: 
191 			 263 			 50 
221 			 248 			 46 
242 			 251 			 75 
249 			 169 			 50 
233 			 237 			 58 
148 			 116 			 35 

 Epoch 182: 
Training 
Labels predicted: 	 True targets: 	 Correct labels: 
1992 			 1998 			 1494 
2141 			 2123 			 1557 
1977 			 1966 			 1472 
1676 			 1683 			 1286 
1654 			 1657 			 1258 
829 			 842 			 738 

 Validation 
Labels predicted: 	 True targets: 	 Correct labels: 
191 			 263 			 50 
221 			 248 			 46 
242 			 251 			 75 
249 			 169 			 50 
233 			 237 			 58 
148 			 116 			 35 

 Epoch 183: 
Training 
Labels predicted: 	 True targets: 	 Correct labels: 
1992 			 1998 			 1494 
2141 			 2123 			 1557 
1977 			 1966 			 1472 
1676 			 1683 			 1286 
1654 			 1657 			 1258 
829 			 842 			 738 

 Validation 
Labels predicted: 	 True targets: 	 Correct labels: 
191 			 263 			 50 
221 			 248 			 46 
242 			 251 			 75 
249 			 169 			 50 
233 			 237 			 58 
148 			 116 			 35 

 Epoch 184: 
Training 
Labels predicted: 	 True targets: 	 Correct labels: 
1992 			 1998 			 1494 
2141 			 2123 			 1557 
1977 			 1966 			 1472 
1676 			 1683 			 1286 
1654 			 1657 			 1258 
829 			 842 			 738 

 Validation 
Labels predicted: 	 True targets: 	 Correct labels: 
191 			 263 			 50 
221 			 248 			 46 
242 			 251 			 75 
249 			 169 			 50 
233 			 237 			 58 
148 			 116 			 35 

 Epoch 185: 
Training 
Labels predicted: 	 True targets: 	 Correct labels: 
1992 			 1998 			 1494 
2141 			 2123 			 1557 
1977 			 1966 			 1472 
1676 			 1683 			 1286 
1654 			 1657 			 1258 
829 			 842 			 738 

 Validation 
Labels predicted: 	 True targets: 	 Correct labels: 
191 			 263 			 50 
221 			 248 			 46 
242 			 251 			 75 
249 			 169 			 50 
233 			 237 			 58 
148 			 116 			 35 

 Epoch 186: 
Training 
Labels predicted: 	 True targets: 	 Correct labels: 
1992 			 1998 			 1494 
2141 			 2123 			 1557 
1977 			 1966 			 1472 
1676 			 1683 			 1286 
1654 			 1657 			 1258 
829 			 842 			 738 

 Validation 
Labels predicted: 	 True targets: 	 Correct labels: 
191 			 263 			 50 
221 			 248 			 46 
242 			 251 			 75 
249 			 169 			 50 
233 			 237 			 58 
148 			 116 			 35 

 Epoch 187: 
Training 
Labels predicted: 	 True targets: 	 Correct labels: 
1992 			 1998 			 1494 
2141 			 2123 			 1557 
1977 			 1966 			 1472 
1676 			 1683 			 1286 
1654 			 1657 			 1258 
829 			 842 			 738 

 Validation 
Labels predicted: 	 True targets: 	 Correct labels: 
191 			 263 			 50 
221 			 248 			 46 
242 			 251 			 75 
249 			 169 			 50 
233 			 237 			 58 
148 			 116 			 35 

 Epoch 188: 
Training 
Labels predicted: 	 True targets: 	 Correct labels: 
1992 			 1998 			 1494 
2141 			 2123 			 1557 
1977 			 1966 			 1472 
1676 			 1683 			 1286 
1654 			 1657 			 1258 
829 			 842 			 738 

 Validation 
Labels predicted: 	 True targets: 	 Correct labels: 
191 			 263 			 50 
221 			 248 			 46 
242 			 251 			 75 
249 			 169 			 50 
233 			 237 			 58 
148 			 116 			 35 

 Epoch 189: 
Training 
Labels predicted: 	 True targets: 	 Correct labels: 
1992 			 1998 			 1494 
2141 			 2123 			 1557 
1977 			 1966 			 1472 
1676 			 1683 			 1286 
1654 			 1657 			 1258 
829 			 842 			 738 

 Validation 
Labels predicted: 	 True targets: 	 Correct labels: 
191 			 263 			 50 
221 			 248 			 46 
242 			 251 			 75 
249 			 169 			 50 
233 			 237 			 58 
148 			 116 			 35 

 Epoch 190: 
Training 
Labels predicted: 	 True targets: 	 Correct labels: 
1992 			 1998 			 1494 
2141 			 2123 			 1557 
1977 			 1966 			 1472 
1676 			 1683 			 1286 
1654 			 1657 			 1258 
829 			 842 			 738 

 Validation 
Labels predicted: 	 True targets: 	 Correct labels: 
191 			 263 			 50 
221 			 248 			 46 
242 			 251 			 75 
249 			 169 			 50 
233 			 237 			 58 
148 			 116 			 35 

 Epoch 191: 
Training 
Labels predicted: 	 True targets: 	 Correct labels: 
1992 			 1998 			 1494 
2141 			 2123 			 1557 
1977 			 1966 			 1472 
1676 			 1683 			 1286 
1654 			 1657 			 1258 
829 			 842 			 738 

 Validation 
Labels predicted: 	 True targets: 	 Correct labels: 
191 			 263 			 50 
221 			 248 			 46 
242 			 251 			 75 
249 			 169 			 50 
233 			 237 			 58 
148 			 116 			 35 

 Epoch 192: 
Training 
Labels predicted: 	 True targets: 	 Correct labels: 
1992 			 1998 			 1494 
2141 			 2123 			 1557 
1977 			 1966 			 1472 
1676 			 1683 			 1286 
1654 			 1657 			 1258 
829 			 842 			 738 

 Validation 
Labels predicted: 	 True targets: 	 Correct labels: 
191 			 263 			 50 
221 			 248 			 46 
242 			 251 			 75 
249 			 169 			 50 
233 			 237 			 58 
148 			 116 			 35 

 Epoch 193: 
Training 
Labels predicted: 	 True targets: 	 Correct labels: 
1992 			 1998 			 1494 
2141 			 2123 			 1557 
1977 			 1966 			 1472 
1676 			 1683 			 1286 
1654 			 1657 			 1258 
829 			 842 			 738 

 Validation 
Labels predicted: 	 True targets: 	 Correct labels: 
191 			 263 			 50 
221 			 248 			 46 
242 			 251 			 75 
249 			 169 			 50 
233 			 237 			 58 
148 			 116 			 35 

 Epoch 194: 
Training 
Labels predicted: 	 True targets: 	 Correct labels: 
1992 			 1998 			 1494 
2141 			 2123 			 1557 
1977 			 1966 			 1472 
1676 			 1683 			 1286 
1654 			 1657 			 1258 
829 			 842 			 738 

 Validation 
Labels predicted: 	 True targets: 	 Correct labels: 
191 			 263 			 50 
221 			 248 			 46 
242 			 251 			 75 
249 			 169 			 50 
233 			 237 			 58 
148 			 116 			 35 

 Epoch 195: 
Training 
Labels predicted: 	 True targets: 	 Correct labels: 
1992 			 1998 			 1494 
2141 			 2123 			 1557 
1977 			 1966 			 1472 
1676 			 1683 			 1286 
1654 			 1657 			 1258 
829 			 842 			 738 

 Validation 
Labels predicted: 	 True targets: 	 Correct labels: 
191 			 263 			 50 
221 			 248 			 46 
242 			 251 			 75 
249 			 169 			 50 
233 			 237 			 58 
148 			 116 			 35 

 Epoch 196: 
Training 
Labels predicted: 	 True targets: 	 Correct labels: 
1992 			 1998 			 1494 
2141 			 2123 			 1557 
1977 			 1966 			 1472 
1676 			 1683 			 1286 
1654 			 1657 			 1258 
829 			 842 			 738 

 Validation 
Labels predicted: 	 True targets: 	 Correct labels: 
191 			 263 			 50 
221 			 248 			 46 
242 			 251 			 75 
249 			 169 			 50 
233 			 237 			 58 
148 			 116 			 35 

 Epoch 197: 
Training 
Labels predicted: 	 True targets: 	 Correct labels: 
1992 			 1998 			 1494 
2141 			 2123 			 1557 
1977 			 1966 			 1472 
1676 			 1683 			 1286 
1654 			 1657 			 1258 
829 			 842 			 738 

 Validation 
Labels predicted: 	 True targets: 	 Correct labels: 
191 			 263 			 50 
221 			 248 			 46 
242 			 251 			 75 
249 			 169 			 50 
233 			 237 			 58 
148 			 116 			 35 

 Epoch 198: 
Training 
Labels predicted: 	 True targets: 	 Correct labels: 
1992 			 1998 			 1494 
2141 			 2123 			 1557 
1977 			 1966 			 1472 
1676 			 1683 			 1286 
1654 			 1657 			 1258 
829 			 842 			 738 

 Validation 
Labels predicted: 	 True targets: 	 Correct labels: 
191 			 263 			 50 
221 			 248 			 46 
242 			 251 			 75 
249 			 169 			 50 
233 			 237 			 58 
148 			 116 			 35 

 Epoch 199: 
Training 
Labels predicted: 	 True targets: 	 Correct labels: 
1992 			 1998 			 1494 
2141 			 2123 			 1557 
1977 			 1966 			 1472 
1676 			 1683 			 1286 
1654 			 1657 			 1258 
829 			 842 			 738 

 Validation 
Labels predicted: 	 True targets: 	 Correct labels: 
191 			 263 			 50 
221 			 248 			 46 
242 			 251 			 75 
249 			 169 			 50 
233 			 237 			 58 
148 			 116 			 35 
